1 1 29.19972 41.59217 -99 53.08172 2240.872
2 1 22.14815 38.16015 -99 52.46143 1711.381
3 1 30.7549472077052 39.3605960055569 73.00476 -99 958.8466
4 1 25.5396570010034 40.5736049676461 75.76086 -99 587.398
5 1 41.0606960757973 37.3515544273719 70.86916 -99 1095.369
6 1 42.7997046294681 37.8780833340228 73.45195 -99 1036.28
7 1 41.5806113082221 38.411041116504 72.12708 -99 710.1729
8 1 44.317316768336 36.8266394412584 71.58739 -99 1401.329
9 1 34.8028044505671 35.8247151692641 71.55385 -99 750.3625
10 1 43.1196183327992 38.7663923891922 74.04286 -99 1098.63
11 1 45.3401045129052 38.2476434845944 72.13096 -99 1231.233
12 1 36.856523815173 35.0778098949353 70.32629 -99 710.5532
13 1 41.9718486810319 37.4777641417876 74.41958 -99 805.753
14 1 40.3212631889916 36.2598093856898 74.80285 -99 745.5998
15 1 41.2719653761071 36.5581804080123 71.03119 -99 639.8193
16 1 39.9868800984185 34.6184732007866 70.95885 -99 1075.748
17 1 31.7861574736425 36.2665666884821 71.15289 -99 782.9062
18 1 46.0237180332595 36.5284288573282 72.83684 -99 929.7101
19 1 41.5744468336933 35.5070715050702 71.57177 -99 890.9975
20 1 50.755469673453 36.3339629022925 72.37832 -99 702.5669
21 1 34.1313835651631 36.5095681681215 69.25531 -99 821.0142
22 1 38.8825531499751 34.7428069513072 70.6209 -99 670.1248
23 1 37.731441025642 36.0710734915531 68.25572 -99 628.5953
24 1 37.2179134755648 35.6300461269558 72.65574 -99 704.9525
25 1 44.326978739758 36.208217863167 72.03449 -99 1162.303
26 1 37.8159438163223 35.2332441482095 71.92606 -99 901.9571
27 1 40.9087735701678 37.1462686447329 72.65001 -99 915.639
28 1 40.8993344561023 36.5519018488692 72.38647 -99 948.563
29 1 47.6202212285678 35.3242310703555 72.4903 -99 1399.093
30 1 43.9200321524683 36.6647424286565 72.50007 -99 1001.15
31 1 44.9524166890704 36.7683587057845 71.24101 -99 1264.333
32 1 46.9720023828524 36.8127429180539 71.29559 -99 1080.325
33 1 40.2979598967363 35.6334286837039 70.59678 -99 896.779
34 1 48.0825234617091 37.7734149059322 72.79621 -99 572.5958
35 1 41.8502546585078 36.2090011152811 70.91733 -99 1252.292
36 1 41.431899805429 36.312563194817 72.87479 -99 889.4
37 1 44.0838234395947 36.4795021109842 71.79769 -99 1003.676
38 1 42.5549065234574 35.8823670965698 71.84975 -99 1331.074
39 1 40.3353969932182 35.8285941657708 71.46369 -99 1461.689
40 1 34.9992402313897 36.3943524292869 73.29151 -99 606.9816
41 1 40.4532344638352 37.3558083053216 73.38454 -99 968.0863
42 1 41.0084858434302 35.028456532374 72.75329 -99 751.4921
43 1 33.6418762662604 34.5373991127889 69.31582 -99 887.0482
44 1 36.5589323162754 37.2144036329896 72.28735 -99 962.0881
45 1 38.6512049224547 37.5151637156825 73.34782 -99 926.6198
46 1 33.9484560443944 34.0108063516745 70.60065 -99 863.9899
47 1 38.4746643070755 37.6580708464436 73.57963 -99 1272.962
48 1 38.1133283324663 34.8326707892919 71.9887 -99 1037.787
49 1 35.0924139420277 37.2510352595708 75.77739 -99 372.1027
50 1 39.5044430931588 39.3477643760251 75.06314 -99 538.0238
51 1 38.3214804147375 35.8011760149578 70.94727 -99 1078.253
52 1 31.4758404589307 37.4788159082612 72.20335 -99 685.5877
53 1 34.5522304483696 36.9197467817119 72.4125 -99 888.0543
54 1 33.4604378825192 37.0456096567193 73.41282 -99 644.7019
55 1 31.88062409344 38.7018134360566 74.7777 -99 533.3807
56 1 28.3702191389835 36.9945022868249 76.26079 -99 628.8119
57 1 35.6606171707905 36.4113175434706 71.29165 -99 1157.354
58 1 37.5439196145473 37.6800054528023 73.62638 -99 347.4841
59 1 40.5868692381777 36.7303541462139 74.98459 -99 593.7151
60 1 30.7856806626694 35.3077554450889 72.77253 -99 770.8773
61 1 33.7566929651558 37.8143245704999 72.23227 -99 1205.219
62 1 29.9052350698593 36.2894685772867 71.04075 -99 870.3688
63 1 26.867165100795 41.9043877750171 74.41713 -99 313.5848
64 1 -99 38.344716321435 74.39514 -99 453.7353
65 1 36.8013910304442 34.365840690581 69.78653 52.06439 1098.38
66 1 40.7955289434614 35.4246658412053 72.96266 51.70596 1015.334
67 1 40.6077040135746 36.7061749954035 73.56994 70.46919 972.237
68 1 43.0165123103547 35.7239099327625 71.6589 48.7598 1175.074
69 1 -99 36.7204207595937 74.06068 -99 746.4068
70 1 35.0335932156611 35.5744549688115 71.71489 56.73282 994.1003
71 1 42.1264663663894 35.7941352873383 71.73915 52.20232 1230.059
72 1 36.7962976188649 37.485065122582 73.39271 -99 1045.608
73 1 36.6306680205055 35.5318820535146 72.2248 54.44993 973.704
74 1 38.5409213575161 35.0236738973304 72.35023 48.77241 1032.254
75 1 39.687462198265 35.9183373216163 73.67859 52.31718 976.8644
76 1 36.6234846921979 36.0884284305195 74.22529 -99 910.3616
77 1 36.8389027402809 37.4912349556098 72.70292 53.0834 936.9068
78 1 -99 37.2758484293927 75.82238 -99 973.6012
79 1 -99 36.6898503017794 74.01914 -99 708.6606
80 1 39.7546334650659 35.1393615920023 71.23163 49.64638 912.4253
81 1 36.0614166506679 35.6271603361203 71.01525 49.44924 1051.879
82 1 -99 35.4053007277069 71.14798 -99 981.9048
83 1 -99 36.5154431943601 74.60971 -99 942.511
84 1 -99 36.3864157638161 74.78259 -99 848.8334
85 1 36.9477627601866 36.4438131525648 69.61112 53.65995 1112.634
86 1 43.1123598633541 36.1681096156046 73.37321 42.85862 1095.881
87 1 39.4682847449314 35.0246421201243 72.38636 53.36571 1143.022
88 1 31.5688282642748 35.6300060007935 72.91091 78.24535 791.3295
89 1 38.2041538416919 36.0299870469077 73.24233 63.62374 1126.18
90 1 38.851704729194 36.5068637536889 74.09792 60.39822 929.0294
91 1 36.4743228642517 35.4637314610022 71.82829 46.41507 1088.44
92 1 41.2206869061022 35.5458848727131 72.02715 51.28469 1003.546
93 1 40.8107845436013 37.0859316694776 74.08278 57.34674 977.4155
94 1 42.7365150630232 35.974733156055 73.39844 49.56188 1123.83
95 1 45.05702 39.55955 -99 -99 1037.988
96 1 41.91782 36.56071 -99 -99 1250.292
97 1 36.60605 36.95113 -99 -99 958.0803
98 1 45.15726 36.63945 -99 -99 1237.789
99 1 36.79403 36.36602 -99 -99 964.7058
100 1 41.9498 36.97437 -99 -99 1085.79
101 1 35.3036 39.15311 -99 -99 926.204
102 1 35.91674 40.7336 -99 -99 964.5648
103 1 34.82827 42.19233 -99 -99 897.3621
104 1 44.08516 37.53304 -99 -99 1218.534
105 1 37.67054 36.75452 -99 -99 1005.382
106 1 40.05454 36.72065 -99 -99 1160.875
107 1 37.6172 38.4208 -99 -99 1218.179
108 1 37.6059 37.73891 -99 -99 1238.926
109 1 42.29951 36.71687 -99 -99 1195.358
110 1 36.38821 36.81827 -99 -99 1013.207
111 1 43.16843 36.69865 -99 -99 1153.054
112 1 41.92721 36.75679 -99 -99 1025.625
113 1 41.82788 36.63606 -99 -99 1185.295
114 1 36.42048 36.28274 -99 -99 1009.585
115 1 38.59436 36.9272 -99 -99 1188.3
116 1 35.75331 36.9415 -99 -99 1060.306
117 1 34.53728 38.95921 -99 -99 1033.694
118 1 41.35982 37.02491 -99 -99 930.0373
119 1 35.46987 37.13879 -99 -99 1036.313
120 1 36.86269 36.98017 -99 -99 947.0346
121 1 34.51325 37.60066 -99 -99 935.4455
122 1 34.70696 36.90922 -99 -99 1133.745
123 1 42.62808 41.34991 -99 -99 1107.23
124 1 26.96058 40.43068 -99 -99 871.8216
125 1 37.15085 37.6687 -99 -99 1199.539
126 1 38.50041 38.21687 -99 -99 972.2736
127 1 41.51491 36.58884 -99 -99 1145.313
128 1 40.27526 36.5869 -99 -99 1208.344
129 1 40.44534 41.42989 -99 -99 1033.893
130 1 40.04757 42.10607 -99 -99 866.7847
131 1 43.5522 39.78778 -99 -99 1121.727
132 1 43.68875 36.98324 -99 -99 1310.109
133 1 42.97646 42.85131 -99 -99 840.6787
134 1 21.91305 45.51412 -99 -99 813.8493
135 1 30.17291 41.25939 -99 -99 1028.062
136 1 28.75185 41.2111 -99 -99 918.5994
137 1 35.99185 39.7805 -99 -99 990.4976
138 1 37.6759 40.26351 -99 -99 1175.084
139 1 41.17709 37.37304 -99 -99 968.7375
140 1 38.66646 41.06071 -99 -99 952.8327
141 1 44.87399 37.0926 -99 -99 1105.133
142 1 24.71578 41.17029 -99 -99 847.4041
143 1 38.37079 40.6253 -99 -99 1138.176
144 1 36.32182 41.36232 -99 -99 756.614
145 1 38.0123 37.4018 -99 -99 872.8853
146 1 38.95582 37.95113 -99 -99 781.1213
147 1 36.85245 39.39117 -99 -99 1190.204
148 1 32.1547 41.80227 -99 -99 989.3477
149 1 33.65909 41.39422 -99 -99 1087.606
150 1 35.55896 38.88598 -99 -99 846.8338
151 1 35.39893 40.65712 -99 -99 1083.897
152 1 32.71244 40.98868 -99 -99 748.3746
153 1 39.6891 37.60729 -99 -99 912.2745
154 1 30.42628 42.91081 -99 -99 864.9154
155 1 31.73149 41.05697 -99 -99 736.4466
156 1 34.108 41.49715 -99 -99 757.1081
157 1 40.77032 37.60729 -99 -99 985.2985
158 1 35.4145 40.53258 -99 -99 983.9901
159 1 35.20683 40.70263 -99 -99 814.0174
160 1 31.41426 40.51463 -99 -99 734.6917
161 1 31.54092 40.10729 -99 -99 656.316
162 1 38.99114 37.52921 -99 -99 863.8123
163 1 39.33753 37.5209 -99 -99 930.1367
164 1 32.13184 45.19686 -99 -99 705.5358
165 1 36.33096 42.31777 -99 -99 929.8586
166 1 42.40156 38.09067 -99 -99 977.6135
167 1 44.67305 37.13879 -99 -99 940.4115
168 1 37.07277 37.37304 -99 -99 853.167
169 1 41.63965 37.66369 -99 -99 922.6649
170 1 37.65917 38.07606 -99 -99 841.4722
171 1 39.5846 42.40454 -99 -99 568.0397
172 1 31.78051 43.06071 -99 -99 663.8945
173 1 42.97555 42.21687 -99 -99 675.0965
174 1 36.8059 38.31077 -99 -99 1070.337
175 1 39.52528 37.37304 -99 -99 1118.799
176 1 40.02755 37.87304 -99 -99 863.5544
177 1 42.20678 42.24837 -99 -99 710.7496
178 1 38.05351 43.33391 -99 -99 995.2403
179 1 37.09837 37.79496 -99 -99 951.643
180 1 45.38596 42.77987 -99 -99 678.7644
181 1 39.35172 38.19836 -99 -99 875.4003
182 1 40.22169 37.79496 -99 -99 872.2219
183 1 38.97993 37.50506 -99 -99 901.8989
184 1 55.83303 38.62978 -99 -99 1028.881
185 1 21.33527 43.01931 -99 -99 865.2551
186 1 31.11065 37.60782 -99 -99 835.5638
187 1 30.96271 38.5233 -99 -99 830.2098
188 1 36.60883 38.93296 -99 -99 1011.326
189 1 53.99524 38.21687 -99 -99 1091.741
190 1 31.49541 38.59774 -99 -99 654.5501
191 1 28.4371 43.55701 -99 -99 1059.606
192 1 40.41753 39.5961 -99 -99 998.2104
193 1 43.38633 36.61487 -99 -99 1384.189
194 1 36.80446 36.95113 -99 -99 1292.93
195 1 42.06182 36.31328 -99 -99 1309.094
196 1 36.05093 36.77288 -99 -99 1081.477
197 1 35.61922 39.40288 -99 -99 1182.089
198 1 31.68467 35.85895 -99 -99 1185.354
199 1 30.36782 36.90789 -99 -99 826.495
200 1 36.3742 41.92657 -99 -99 900.2742
201 1 39.91003 37.00321 -99 -99 1039.712
202 1 44.38953 41.42494 -99 -99 1110.684
203 1 36.56185 38.45846 -99 -99 1144.036
204 1 44.03673 37.3974 -99 -99 1276.179
205 1 41.68684 43.58158 -99 -99 1005.125
206 1 35.03931 46.31302 -99 -99 1017.58
207 1 35.76344 44.61659 -99 -99 974.1667
208 1 32.48716 42.53672 -99 -99 1006.551
209 1 38.28027 42.88974 -99 -99 934.5368
210 1 39.15921 44.61829 -99 -99 965.3651
211 1 40.62443 45.1783 -99 -99 863.5327
212 1 34.61365 45.15364 -99 -99 860.4078
213 1 39.40169 44.12297 -99 -99 884.3233
214 1 40.25778 43.66478 -99 -99 967.8997
215 1 30.51834 42.39396 -99 -99 701.3751
216 1 23.61669 43.17029 -99 -99 703.198
217 1 40.61992 42.08793 -99 -99 1120.084
218 1 41.68481 38.17173 -99 -99 1035.568
219 1 43.40742 38.34592 -99 -99 890.6567
220 1 45.70754 40.25991 -99 -99 951.9409
221 1 36.66621 43.93973 -99 -99 932.3562
222 1 42.15872 43.70902 -99 -99 1026.215
223 1 52.71141 39.93973 -99 -99 1338.922
224 1 43.64473 38.39782 -99 -99 994.4641
225 1 38.70754 44.25991 -99 -99 1006.941
226 1 51.3742 37.25991 -99 -99 1363.608
227 1 43.5788 37.82142 -99 -99 1070.724
228 1 37.35241 40.47984 -99 -99 997.727
229 1 38.24121 38.96668 -99 -99 1178.453
230 1 42.3742 36.25991 -99 -99 995.8298
231 1 43.3742 44.59324 -99 -99 1249.163
232 1 46.67922 38.36249 -99 -99 1244.741
233 1 38.10661 40.98011 -99 -99 994.9299
234 1 45.37191 38.01962 -99 -99 1200.703
235 1 42.47669 37.99619 -99 -99 1016.969
236 1 41.53169 41.22588 -99 -99 1233.167
237 1 37.33978 39.43604 -99 -99 1065.619
238 1 40.93998 40.65885 -99 -99 1001.762
239 1 42.21467 38.00495 -99 -99 913.8331
240 1 49.45017 40.76281 -99 -99 688.3557
241 1 38.88233 39.29496 -99 -99 896.8903
242 1 44.73802 37.37333 -99 -99 1268.83
243 1 41.42895 36.47172 -99 -99 1341.072
244 1 46.05761 42.49533 -99 -99 1070.183
245 1 49.08839 36.42786 -99 -99 1188.37
246 1 46.65106 37.15077 -99 -99 1054.088
247 1 58.82612 37.57877 -99 -99 1341.459
248 1 43.50675 41.63323 -99 -99 1093.599
249 1 46.82396 37.45113 -99 -99 1247.369
250 1 43.01634 37.29519 -99 -99 1103.485
251 1 32.03841 40.74837 -99 -99 763.1247
252 1 42.37648 42.03382 -99 -99 1076.894
253 1 45.7937 44.64636 -99 -99 1257.499
254 1 54.3742 37.25991 -99 -99 1151.941
255 1 51.72586 37.73819 -99 -99 1354.202
256 1 36.93131 43.59411 -99 -99 972.2472
257 1 38.20268 37.99547 -99 -99 1130.628
258 1 40.51598 39.68459 -99 -99 999.4221
259 1 36.3742 40.59324 -99 -99 890.2742
260 1 48.6557 37.76333 -99 -99 1018.76
261 1 41.44273 40.60729 -99 -99 802.5637
262 1 41.70754 36.59324 -99 -99 1213.052
263 1 40.10833 42.50374 -99 -99 827.349
264 1 27.93098 38.56492 -99 -99 1012.372
265 1 35.6355 42.12124 -99 -99 724.7742
266 1 24.15793 37.80275 -99 -99 909.8761
267 1 28.84678 43.93604 -99 -99 696.322
268 1 26.76 41.09429 -99 -99 753.9719
269 1 31.86668 43.00584 -99 -99 848.2193
270 1 42.80485 39.09307 -99 -99 998.4805
271 1 39.52771 37.8283 -99 -99 1072.729
272 1 24.98938 40.19852 -99 -99 861.2423
273 1 26.12187 41.77251 -99 -99 793.3786
274 1 21.66578 43.51412 -99 -99 590.953
275 1 37.22251 41.69964 -99 -99 989.6151
276 1 25.76201 39.13727 -99 -99 1084.718
277 1 26.11856 42.1918 -99 -99 1006.12
278 1 41.5218 44.22032 -99 -99 1110.157
279 1 43.37069 41.4562 -99 -99 865.3181
280 1 35.3742 38.25991 -99 -99 868.052
281 1 32.25121 44.53723 -99 -99 802.0125
282 1 39.70754 39.92657 -99 -99 728.6076
283 1 45.76446 38.49669 -99 -99 615.9275
284 1 37.04087 35.25991 -99 -99 958.052
285 1 37.80491 37.98262 -99 -99 1146.621
286 1 26.08482 38.61445 -99 -99 841.8452
287 1 33.07568 36.50487 -99 -99 1121.997
288 1 23.96791 40.01448 -99 -99 808.6408
289 1 40.70278 35.78656 -99 -99 1000.191
290 1 40.10467 36.70937 -99 -99 1095.531
291 1 41.72638 36.49222 -99 -99 1138.597
292 1 35.57269 38.16749 -99 -99 910.251
293 1 45.70754 38.59324 -99 -99 1045.274
294 1 29.52299 41.71973 -99 -99 1144.827
295 1 36.3742 39.59324 -99 -99 1239.719
296 1 41.39136 37.65232 -99 -99 1085.529
297 1 30.64947 39.1806 -99 -99 939.5186
298 1 38.58599 36.2476 -99 -99 1073.161
299 1 38.64586 37.55071 -99 -99 1185.035
300 1 37.11656 36.43425 -99 -99 1141.614
301 1 46.23707 38.18058 -99 -99 1113.592
302 1 45.35183 36.75123 -99 -99 1132.345
303 1 38.84257 39.46991 -99 -99 1200.835
304 1 34.80346 43.28552 -99 -99 1051.359
305 1 40.00594 42.63221 -99 -99 969.998
306 1 32.23134 40.9284 -99 -99 1065.555
307 1 38.69128 38.26009 -99 -99 1209.93
308 1 29.95159 40.46269 -99 -99 868.712
309 1 25.45147 44.51753 -99 -99 878.418
310 1 34.9474 38.73083 -99 -99 939.2717
311 1 33.45322 39.18788 -99 -99 1280.577
312 1 36.60062 42.18025 -99 -99 969.2938
313 1 34.99533 38.2752 -99 -99 957.2268
314 1 28.20778 38.56942 -99 -99 1327.765
315 1 31.47076 40.37406 -99 -99 1039.875
316 1 39.04087 37.92657 -99 -99 1271.385
317 1 38.04087 38.25991 -99 -99 1170.274
318 1 34.16665 40.38156 -99 -99 860.7371
319 1 47.3742 39.25991 -99 -99 968.6076
320 1 33.70754 39.25991 -99 -99 823.052
321 1 42.04087 36.92657 -99 -99 796.9409
322 1 36.04087 41.25991 -99 -99 1213.608
323 1 38.3742 39.25991 -99 -99 1158.052
324 1 44.34224 38.01965 -99 -99 1206.37
325 1 42.04087 34.59324 -99 -99 829.7187
326 1 43.04087 38.92657 -99 -99 1035.274
327 1 51.35276 35.83002 -99 -99 947.373
328 1 35.73522 44.30706 -99 -99 1219.143
329 1 32.14594 37.87258 -99 -99 782.5321
330 1 31.3048 39.07748 -99 -99 1217.526
331 1 42.47908 46.79603 -99 -99 877.0256
332 1 36.04087 37.25991 -99 -99 1129.163
333 1 46.04087 39.59324 -99 -99 909.7187
334 1 32.02879 35.21523 -99 -99 1181.159
335 1 34.25846 47.56644 -99 -99 843.9124
336 1 31.51665 39.83598 -99 -99 708.6854
337 1 44.7964 38.93377 -99 -99 676.9586
338 1 39.04087 39.59324 -99 -99 1196.385
339 1 41.70754 39.25991 -99 -99 826.9409
340 1 43.57849 35.62848 -99 -99 990.0089
341 1 34.67674 35.1574 -99 -99 850.9384
342 1 45.70754 35.25991 -99 -99 994.1631
343 1 32.70754 35.59324 -99 -99 1111.385
344 1 46.70754 36.92657 -99 -99 1085.274
345 1 36.70754 36.92657 -99 -99 879.1631
346 1 37.70754 36.92657 -99 -99 686.3854
347 1 41.70754 41.92657 -99 -99 910.2742
348 1 42.313 34.3989 -99 -99 781.3892
349 1 35.70754 39.25991 -99 -99 984.1631
350 1 45.04087 38.59324 -99 -99 980.8298
351 1 35.70754 44.25991 -99 -99 823.6076
352 1 47.65746 39.1465 -99 -99 879.719
353 1 36.78434 44.16932 -99 -99 1050.783
354 1 46.19065 37.16981 -99 -99 747.8005
355 1 40.3742 36.25991 -99 -99 1011.385
356 1 42.60574 34.3485 -99 -99 937.4161
357 1 42.04087 37.25991 -99 -99 1103.052
358 1 39.70754 37.25991 -99 -99 999.7187
359 1 42.70754 36.92657 -99 -99 764.1631
360 1 40.3742 38.25991 -99 -99 1234.163
361 1 41.04087 38.25991 -99 -99 754.7187
362 1 48.62773 35.68943 -99 -99 914.6329
363 1 43.09643 36.5241 -99 -99 725.3824
364 1 41.8477 35.01896 -99 -99 910.8939
365 1 41.04087 37.59324 -99 -99 853.052
366 1 38.8257 35.24283 -99 -99 877.8825
367 1 35.3742 44.59324 -99 -99 934.1631
368 1 36.9399 40.19139 -99 -99 1009.145
369 1 41.97031 33.6404 -99 -99 1038.033
370 1 33.70598 43.60044 -99 -99 1345.503
371 1 35.3742 38.92657 -99 -99 1211.941
372 1 28.04087 36.92657 -99 -99 1021.385
373 1 18.87439 46.12936 -99 -99 999.4409
374 1 43.71151 36.48262 -99 -99 1360.846
375 1 37.68956 38.69413 -99 -99 983.4924
376 1 43.1426 37.18847 -99 -99 1124.099
377 1 46.58229 38.04478 -99 -99 905.8698
378 1 42.73308 36.68656 -99 -99 891.8478
379 1 45.15088 37.00329 -99 -99 915.5877
380 1 30.82158 36.17323 -99 -99 1138.459
381 1 37.25614 38.18213 -99 -99 1173.88
382 1 44.6887 37.32152 -99 -99 1241.092
383 1 43.04087 36.92657 -99 -99 1238.608
384 1 44.52705 37.33045 -99 -99 923.7364
385 1 44.64924 37.81108 -99 -99 1193.135
386 1 38.9013 42.19139 -99 -99 1382.715
387 1 39.25994 39.04978 -99 -99 1299.754
388 1 39.71553 42.50865 -99 -99 983.3844
389 1 38.41666 41.15574 -99 -99 940.3175
390 1 39.17172 39.98362 -99 -99 1025.378
391 1 -99 -99 -99 -99 1596.489
392 1 -99 -99 -99 -99 1322.664
393 1 37.42882 37.66979 -99 -99 1054.439
394 1 40.28478 38.17029 -99 -99 997.1162
395 1 41.72247 37.56221 -99 -99 948.8308
396 1 44.92323 36.65851 -99 -99 979.3323
397 1 43.64131 37.09064 -99 -99 1071.227
398 1 43.13244 37.13399 -99 -99 1011.364
399 1 41.88628 36.82094 -99 -99 1095.157
400 1 38.14991 37.81267 -99 -99 924.4136
401 1 43.09204 37.1179 -99 -99 1089.729
402 1 38.25676 39.85385 -99 -99 815.9629
403 1 43.18727 37.37117 -99 -99 933.4192
404 1 40.65124 36.42623 -99 -99 1194.007
405 1 41.8559 37.31463 -99 -99 1082.142
406 1 32.8105 40.7303 -99 -99 1002.497
407 1 41.92731 37.40482 -99 -99 1006.47
408 1 45.35498 36.44883 -99 -99 1259.016
409 1 48.5065 36.98262 -99 -99 1222.154
410 1 42.83522 37.37595 -99 -99 1162.06
411 1 45.04532 37.14439 -99 -99 1083.956
412 1 41.10312 36.98166 -99 -99 901.1086
413 1 40.84153 36.90013 -99 -99 1148.965
414 1 43.88372 37.54749 -99 -99 949.5348
415 1 43.55484 36.92202 -99 -99 1005.196
416 1 42.74236 37.44765 -99 -99 1078.546
417 1 42.18114 38.77076 -99 -99 1143.338
418 1 42.83691 36.72739 -99 -99 1061.465
419 1 43.93993 36.52689 -99 -99 1116.572
420 1 45.56446 36.81487 -99 -99 1089.522
421 1 37.82732 37.06071 -99 -99 1038.04
422 1 37.78269 37.15481 -99 -99 1050.173
423 1 51.64873 37.46073 -99 -99 1117.091
424 1 39.57999 37.40816 -99 -99 818.4123
425 1 45.10956 36.74112 -99 -99 1040.192
426 1 38.0062 37.61327 -99 -99 1308.434
427 1 38.23449 39.38514 -99 -99 971.4004
428 1 29.77192 43.43604 -99 -99 767.3907
429 1 42.36771 37.55756 -99 -99 1092.049
430 1 26.27768 41.40454 -99 -99 448.2836
431 1 42.06746 36.79367 -99 -99 1220.233
432 1 45.64698 36.9978 -99 -99 990.0547
433 1 37.3017 38.02544 -99 -99 934.539
434 1 38.00061 38.35803 -99 -99 1237.246
435 1 43.80203 35.68818 -99 -99 1063.553
436 1 44.27806 38.12896 -99 -99 980.7097
437 1 47.19769 38.5922 -99 -99 1214.516
438 1 42.36418 37.10938 -99 -99 1065.93
439 1 46.15525 38.05571 -99 -99 1124.417
440 1 43.27178 44.32953 -99 -99 715.9585
441 1 32.03675 41.53169 -99 -99 1032.461
442 1 52.12339 42.74275 -99 -99 1009.984
443 1 43.95805 42.39655 -99 -99 897.3465
444 1 37.56682 38.98216 -99 -99 1070.716
445 1 47.82722 37.01682 -99 -99 1352.796
446 1 -99 -99 -99 -99 789.5329
447 1 -99 -99 -99 -99 1337.018
448 1 -99 -99 -99 -99 1076.934
449 1 32.08727 41.68631 -99 -99 1312.11
450 1 34.11159 37.11744 -99 -99 950.4054
451 1 28.54809 36.89382 -99 -99 1072.425
452 1 42.7186393324702 35.8668061058743 73.8838 57.33612 1261.492
453 1 31.3960680998025 40.9627296011475 77.57015 -99 255.1773
454 1 38.1040323211618 38.3936167786577 73.35262 -99 842.1134
455 1 35.5872617755123 38.1842464076284 73.39576 -99 777.5899
456 1 42.3942095352583 37.2112217917579 72.2049 56.72754 1026.281
457 1 40.6952136268798 36.4882704262148 71.74883 64.25306 1108.48
458 1 50.82895 52.74533 94.71982 57.53032 1773.598
459 1 32.60388 35.90989 -99 -99 2132.848
460 1 24.77096 36.18583 -99 -99 1450.907
461 1 25.10026 35.93731 -99 -99 2140.583
462 1 31.78038 36.199 -99 -99 1459.476
463 1 29.36036 36.08829 -99 -99 2083.809
464 1 30.73374 37.31109 -99 -99 1989.007
465 1 34.7014815179732 41.4678611448972 75.09701 -99 537.7637
466 1 26.57459 31.83878 66.95499 -99 874.6436
467 1 34.60383 33.6332 66.0001 -99 1681.205
468 1 24.43492 33.54905 65.63287 -99 1845.406
469 1 31.78644 33.90606 66.68761 -99 1214.972
470 1 26.49362 33.71046 66.44625 -99 2388.504
471 1 32.43853 35.79247 66.09163 -99 1095.434
472 1 19.87096 35.81939 67.24976 -99 1563.171
473 1 28.53311 35.29021 66.41301 -99 1013.53
474 1 22.76817 36.36391 66.38555 -99 1389.122
475 1 22.7286 34.81368 66.49479 -99 1572.409
476 1 31.37049 32.84 67.62214 -99 714.7329
477 1 30.52115 36.42424 67.57554 -99 792.7963
478 1 25.29985 35.15216 67.75722 -99 1455.221
479 1 27.70048 34.49634 66.64556 -99 2016.349
480 1 28.17771 35.39221 67.87711 -99 972.7333
481 1 30.84985 33.95885 65.72847 -99 1482.79
482 1 25.93937 33.16359 65.74454 -99 1693.914
483 1 25.92633 34.02933 67.2573 -99 1444.158
484 1 24.33838 34.38199 67.33826 -99 876.7102
485 1 27.37346 36.53807 66.97021 -99 1053.191
486 1 22.1808 36.90034 68.96096 -99 823.6841
487 1 28.96544 37.62539 68.88453 -99 1361.535
488 1 31.53359 35.2886 67.92562 -99 1565.639
489 1 28.32143 35.42095 67.5809 -99 1051.292
490 1 22.27432 33.51538 66.0253 -99 1087.833
491 1 22.89661 32.76032 65.49233 -99 1843.908
492 1 32.67958 33.85979 65.77443 -99 1297.053
493 1 33.46495 33.50506 66.85992 -99 1661.767
494 1 45.29053 36.62071 69.21856 -99 809.72
495 1 28.89076 33.26695 65.78692 -99 1545.066
496 1 27.45271 32.59878 66.03949 -99 1378.477
497 1 25.28579 32.69768 65.79046 -99 1514.232
498 1 28.66435 36.30103 68.42126 -99 1270.417
499 1 33.74345 36.08737 68.44227 -99 1256.924
500 1 29.3383 34.2417 67.22591 -99 1645.543
501 1 40.04354 33.8492 68.1735 -99 997.84
502 1 29.23372 33.86091 66.00788 -99 1253.733
503 1 34.40599 33.3271 65.22602 -99 1109.357
504 1 27.63973 33.51403 66.84905 -99 1917.887
505 1 25.77184 36.83713 68.76612 -99 1086.596
506 1 35.62257 33.76952 66.66372 -99 1515.085
507 1 30.2853 34.12743 66.4167 -99 1914.537
508 1 30.4951 32.96116 65.73455 -99 1760.495
509 1 28.74919 33.60415 65.72867 -99 1705.085
510 1 22.87007 32.94016 65.40335 -99 1846.708
511 1 31.66564 35.85709 66.96166 -99 718.0381
512 1 30.98154 34.56484 66.83695 -99 1677.348
513 1 28.61432 33.6677 66.38895 -99 1351.187
514 1 30.70547 33.84468 66.36163 -99 1361.951
515 1 27.3554 33.90029 65.95117 -99 1480.766
516 1 37.07494 34.27273 66.56656 -99 1585.63
517 1 34.9693 32.84974 66.2502 -99 2019.6
518 1 30.04141 34.52734 68.77741 -99 1322.422
519 1 35.1743 32.83944 65.95918 -99 1733.211
520 1 32.03671 36.49989 67.54645 -99 1370.72
521 1 33.23509 37.50783 68.87984 -99 1228.526
522 1 23.59179 35.44926 66.90114 -99 1425.42
523 1 31.80035 35.70783 68.27822 -99 1235.478
524 1 31.59929 35.37369 69.08579 -99 948.7454
525 1 33.42596 32.76473 65.4394 -99 1867.977
526 1 34.18659 33.89975 68.74975 -99 1237.842
527 1 36.61338 34.62644 68.25294 -99 1287.438
528 1 32.12419 34.19808 68.17795 -99 1005.253
529 1 26.73221 34.05526 68.18998 -99 1722.512
530 1 28.16759 32.55627 65.61658 -99 972.3016
531 1 33.0331 30.76224 65.27924 -99 1473.629
532 1 30.25921 33.44985 66.15661 -99 1150.352
533 1 33.75603 32.83041 68.21271 -99 1468.32
534 1 31.41579 36.15535 65.90061 -99 905.1499
535 1 29.67285 34.1421 65.78212 -99 1089.705
536 1 38.54368 32.5981 64.44802 -99 1482.177
537 1 35.74732 32.30769 64.73089 -99 1284.123
538 1 34.36123 32.40451 64.10938 -99 1763.146
539 1 35.85761 33.47074 64.51435 -99 1440.362
540 1 25.82785 32.36711 66.76192 -99 1471.011
541 1 29.56235 32.11406 66.2909 -99 2157.945
542 1 28.99881 31.44746 65.71745 -99 2041.565
543 1 32.60787 30.87458 64.0658 -99 1666.989
544 1 30.60432 31.82626 65.44443 -99 1408.174
545 1 30.54691 30.92341 64.66406 -99 1331.044
546 1 30.71353 30.52984 62.72378 -99 1532.791
547 1 31.29624 34.0005 66.20681 -99 1869.364
548 1 33.56386 36.83163 68.07187 -99 1490.216
549 1 31.29467 30.31641 64.42928 -99 1483.106
550 1 31.23114 31.40997 67.35982 -99 1450.345
551 1 34.40741 36.93185 66.41381 -99 967.2486
552 1 38.05797 34.18624 66.38607 -99 1627.705
553 1 30.04581 35.36537 67.83287 -99 1295.978
554 1 25.14657 35.64592 67.92953 -99 1225.171
555 1 28.08343 31.79067 65.115 -99 1738.148
556 1 34.31139 32.72969 64.99348 -99 1860.76
557 1 25.54111 34.01151 65.80433 -99 1291.113
558 1 26.46627 34.5875 65.33802 -99 1209.687
559 1 25.34512 34.39735 67.18203 -99 1079.727
560 1 32.11759 33.97078 67.18733 -99 1233.946
561 1 32.47637 34.71262 67.08776 -99 1075.29
562 1 44.25861 32.00226 67.06964 -99 1247.774
563 1 28.63344 32.89326 66.19496 -99 1802.531
564 1 29.77098 34.15136 68.32771 -99 1484.118
565 1 30.03821 35.66165 67.9248 -99 825.9292
566 1 29.12485 38.09606 70.06143 -99 508.5288
567 1 34.83031 33.97926 67.94387 -99 1527.739
568 1 34.64869 35.72311 68.73279 -99 1107.196
569 1 34.99577 35.35241 68.60669 -99 983.0411
570 1 25.13688 36.25246 66.52554 -99 975.0994
571 1 26.78614 30.98132 65.58248 -99 1719.608
572 1 25.09741 31.11487 64.3617 -99 1576.77
573 1 29.52262 32.71847 64.71332 -99 1706.63
574 1 33.47997 34.26107 66.79603 -99 1352.978
575 1 26.17091 34.41828 66.17975 -99 1993.221
576 1 26.31783 33.44237 64.81449 -99 1802.519
577 1 23.44119 33.62797 65.60296 -99 1662.075
578 1 26.27392 33.30876 64.88691 -99 2030.784
579 1 33.93397 34.9585 68.40469 -99 1340.376
580 1 36.74532 34.4694 68.99659 -99 1273.765
581 1 32.44371 34.91151 68.45475 -99 1128.145
582 1 25.63702 34.64099 67.8073 -99 877.0553
583 1 25.695 36.11409 68.44548 -99 1107.865
584 1 25.40944 35.19228 66.8665 -99 1242.177
585 1 25.33344 36.0258 66.88868 -99 1231.26
586 1 33.44025 35.84903 66.94039 -99 1294.241
587 1 27.01959 35.29712 68.39702 -99 1399.025
588 1 27.74059 35.50416 69.244 -99 1495.281
589 1 39.4405 33.818 67.56729 -99 1270.108
590 1 35.46327 33.6022 66.57232 -99 1668.509
591 1 24.4752 35.92938 67.99449 -99 1279.914
592 1 21.4632 34.58578 65.66747 -99 1514.678
593 1 30.10903 34.23829 66.85555 -99 1403.421
594 1 31.11363 35.04774 67.0142 -99 1312.68
595 1 30.16254 34.62633 67.152 -99 1649.684
596 1 27.37416 34.14746 66.04789 -99 1174.27
597 1 24.19431 36.37057 68.55366 -99 1313.843
598 1 26.12644 36.58237 68.55155 -99 1131.487
599 1 27.12475 33.81766 65.96879 -99 1189.943
600 1 28.35143 33.36146 66.22823 -99 1363.005
601 1 20.35418 33.63707 66.39024 -99 1098.761
602 1 22.66465 34.45778 66.36926 -99 1655.623
603 1 29.9251 37.65349 68.75347 -99 1214.275
604 1 31.49271 34.74924 67.4761 -99 1171.118
605 1 30.41542 35.44034 68.7291 -99 805.3534
606 1 24.57913 36.67615 67.99344 -99 1312.198
607 1 28.11955 36.79453 69.73634 -99 1036.338
608 1 30.07822 38.19301 68.60193 -99 1856.982
609 1 28.16758 34.72045 68.66107 -99 896.5761
610 1 32.42101 34.98292 68.81241 -99 888.0721
611 1 35.79088 34.35144 67.25838 -99 1462.953
612 1 25.64678 32.82144 67.10632 -99 1467.701
613 1 33.00752 33.06895 66.67568 -99 1573.218
614 1 30.97453 31.05498 65.65461 -99 1456.294
615 1 38.7532 34.63751 67.97458 -99 1261.003
616 1 33.25099 32.8839 66.57807 -99 1277.253
617 1 31.91602 32.73654 66.6726 -99 1731.389
618 1 27.18795 33.03962 67.84288 -99 1542.693
619 1 27.19369 30.08833 63.72629 -99 1378.37
620 1 29.9136 33.53857 65.60416 -99 1445.342
621 1 24.72294 36.07684 67.60938 -99 1167.596
622 1 25.83254 33.99194 66.98143 -99 1019.424
623 1 25.47022 33.68917 67.01036 -99 1199.176
624 1 27.69871 33.89657 66.42969 -99 1199.778
625 1 33.54293 32.35642 66.82652 -99 1557.244
626 1 33.47798 36.23724 68.80387 -99 1157.403
627 1 29.81251 37.52999 69.72507 -99 1302.444
628 1 32.47138 33.7626 66.33158 -99 1153.297
629 1 49.54438 35.05663 67.84271 -99 1833.005
630 1 28.91207 35.12618 67.17918 -99 1801.381
631 1 27.57254 35.00396 66.54517 -99 2424.224
632 1 27.9432 35.75912 67.04985 -99 1730.485
633 1 28.09045 36.20505 66.25034 -99 1606.594
634 1 29.54388 36.08404 66.75799 -99 1863.983
635 1 25.89128 35.7686 66.1496 -99 1314.601
636 1 27.27545 36.48493 67.50256 -99 2073.198
637 1 27.22344 35.19763 67.1519 -99 1948.205
638 1 25.5533 34.82351 66.5686 -99 1972.66
639 1 28.01006 34.57537 66.59654 -99 1807.548
640 1 26.82437 35.64763 66.0855 -99 906.0578
641 1 25.27807 34.5363 68.25024 -99 894.9914
642 1 23.26293 34.80624 67.68303 -99 663.8753
643 1 29.58877 35.47582 66.09919 -99 1846.029
644 1 32.86171 35.50364 67.017 -99 1952.218
645 1 28.97801 36.31712 67.18722 -99 1876.082
646 1 23.47641 36.56396 68.52539 -99 709.3287
647 1 22.7844 34.45771 66.02719 -99 1404.448
648 1 27.65782 35.52814 67.29687 -99 1804.237
649 1 37.57197 33.78876 66.02262 -99 1192.327
650 1 26.51392 33.64796 66.38105 -99 1678.238
651 1 29.78288 35.94487 66.89634 -99 1609.058
652 1 38.07822 31.60323 66.17948 -99 1741.98
653 1 43.85129 31.05407 66.35775 -99 1962.443
654 1 50.17226 33.04679 65.85995 -99 1699.183
655 1 45.21415 31.20356 64.2061 -99 2228.565
656 1 16.53519 37.11169 -99 44.02821 1397.34
657 1 19.58581 38.42159 -99 44.1525 1797.09
658 1 36.84274 34.19246 -99 -99 2200.597
659 1 29.48333 36.57933 -99 -99 1759.6
660 1 33.80163 35.84023 -99 -99 2101.69
661 1 43.4058561622426 39.9474296474248 72.98916 -99 365.2835
662 1 37.3965550679172 35.2166139647018 77.03133 -99 554.4899
663 1 44.6561758050845 37.1202133047915 75.33865 -99 845.3793
664 1 48.4441310875858 35.5168012426169 72.68896 -99 1289.456
665 1 41.9495906983575 37.2424151963574 74.74662 -99 370.0006
666 1 36.6433399491576 37.5779547200966 74.09326 -99 223.5625
667 1 31.4613886564198 40.157627943591 71.80488 -99 209.241
668 1 42.3208107736455 40.4127611704004 74.39505 -99 459.3024
669 1 41.0086265517347 36.1725172072579 73.46026 -99 852.5961
670 1 45.3376757890607 36.7025187757861 75.44899 -99 724.6989
671 1 43.7648310882646 37.2701696784468 74.97931 -99 208.6183
672 1 22.8988468065341 37.7317855755106 72.5271 -99 1427.1
673 1 36.7940359251679 36.5654945065088 72.41142 -99 797.3843
674 1 40.7836037340534 35.7189139981138 69.71109 -99 1160.75
675 1 43.4962503324135 35.9145001142131 71.73275 -99 1094.95
676 1 33.5486731846294 35.3010582879276 71.7234 -99 803.0718
677 1 37.0498232480744 36.5096707446677 70.10942 -99 607.3358
678 1 36.9891424838816 36.5758170293638 71.97541 -99 731.0416
679 1 42.5094588156889 36.3808445733615 71.99094 -99 573.3806
680 1 41.5326061917433 34.008635434728 72.71186 -99 952.3136
681 1 39.3180207185854 35.9168971452037 69.77715 -99 656.6982
682 1 43.8372102228721 35.5958616544217 70.33235 -99 807.2901
683 1 39.2329400654548 36.0512750298976 73.43058 -99 789.2606
684 1 43.5823440167915 35.8026217623626 73.40951 -99 896.8766
685 1 39.3106988800636 33.9553319399826 72.17812 -99 759.6762
686 1 41.7877523832949 35.3265697561692 69.78026 -99 712.0381
687 1 51.6419 49.40857 101.5912 55.67244 1811.325
688 1 40.25956 49.96131 95.0181 56.53512 1947.139
689 1 30.9115103635159 37.9355417414088 73.99764 -99 566.342
690 1 41.1585826039565 41.8067016854052 74.8405 56.09947 704.8825
691 1 37.8867051823991 34.799097387545 71.8472 44.91727 923.7978
692 1 34.3316306515992 34.6874674245757 71.21469 49.52062 913.8502
693 1 25.72949 49.44204 94.59952 63.58232 2317.301
694 1 49.3951454041232 35.8700426949841 72.5587 48.04623 1273.708
695 1 50.50349 50.74724 94.70527 65.57542 1940.099
696 1 44.03948 57.77862 94.33955 63.95475 1872.164
697 1 27.41597 38.77989 -99 46.02232 2233.279
698 1 50.07236 48.04191 91.29106 65.78847 1928.637
699 1 41.14434 48.31509 93.15606 59.01919 1928.137
700 1 41.7726 48.30949 92.70253 60.79201 1958.976
701 1 31.22103 50.53721 91.18523 70.41821 1964.19
702 1 30.10155 48.00799 96.89822 84.21043 1809.909
703 1 24.33758 49.04771 92.28076 62.67707 2583.195
704 1 33.45417 46.05008 90.99784 69.02762 1932.074
705 1 48.18811 41.185 89.09317 52.92434 2171.422
706 1 37.01266 45.83433 89.72579 52.09162 2203.348
707 1 35.69868 49.85756 95.64669 55.89508 1926.225
708 1 44.71031 46.59856 93.39851 65.27902 1867.809
709 1 40.87874 47.0766 89.55688 65.31449 1952.221
710 1 33.37042 45.77067 87.02904 49.94356 1604.741
711 1 45.96312 44.62421 89.77015 55.44951 2205.339
712 1 47.5966 47.27351 91.3359 65.08243 2177.069
713 1 47.35047 44.85369 84.64317 69.95117 1333.323
714 1 41.33524 46.90959 88.83653 61.48969 2403.034
715 1 41.84128 46.60942 87.39475 64.34621 1952.495
716 1 45.89852 47.10506 88.83747 64.45502 1815.814
717 1 39.62124 44.41484 86.23802 59.82478 1455.157
718 1 33.44952 56.07469 99.17517 58.21686 2368.493
719 1 45.26556 48.57146 94.27631 58.74433 1988.383
720 1 40.82429 47.95818 93.24897 64.72233 1981.579
721 1 42.55674 45.75394 88.90108 57.28947 2236.676
722 1 42.40215 43.97113 91.131 58.54827 2085.265
723 1 40.49738 45.60978 88.78731 58.24869 2141.828
724 1 39.64295 48.22113 93.76207 68.08457 1798.263
725 1 44.81233 46.88162 89.95572 76.57634 2173.266
726 1 50.28296 46.28751 86.95768 65.09572 2233.251
727 1 49.25383 48.58131 87.33909 57.8804 1911.898
728 1 41.97965 46.47581 86.99921 59.41064 2376.337
729 1 39.61918 45.51824 88.04281 54.62695 1936.63
730 1 51.85453 45.04756 85.22777 58.18576 2162.441
731 1 42.76048 46.37294 87.50221 58.84834 2281.629
732 1 39.44044 46.15522 87.29056 71.19964 1908.337
733 1 45.17925 44.67304 83.82506 63.19902 2267.849
734 1 45.01465 43.89999 84.61079 64.539 2548.252
735 1 42.46405 44.9604 84.71053 65.31379 2104.672
736 1 42.38481 46.68614 85.02388 61.24505 1868.469
737 1 47.05625 46.5485 86.74358 75.26104 1841.114
738 1 39.53539 53.19347 95.32342 64.69929 2029.88
739 1 42.96827 47.19305 86.6756 52.25604 1797.229
740 1 40.08917 45.1249 86.90593 68.41666 1987.197
741 1 40.59133 44.85176 85.95149 63.78513 2224.93
742 1 43.36677 44.35345 85.7463 73.99835 2021.633
743 1 43.57807 44.61107 84.61427 58.56876 2138.402
744 1 40.73383 45.98405 86.44089 60.71917 1869.635
745 1 43.90649 45.1937 85.82108 66.59658 2341.281
746 1 38.0665197403736 36.3867992452431 72.76511 56.94764 882.4342
747 1 36.2504819971377 38.3314350727223 71.87775 49.36909 976.4237
748 1 40.9228125858464 34.9781347416652 72.04521 59.0529 959.8189
749 1 32.8731073574076 39.1167967057497 74.31234 81.87129 1007.501
750 1 34.1913833821258 34.2058269976432 71.93997 47.52122 764.5541
751 1 41.1180405853742 36.0418656428402 71.4655 53.69926 932.7003
752 1 41.2591275083286 37.8293800715833 73.02469 104.2512 877.2421
753 1 45.0263517973688 35.7509503799017 71.82054 -99 940.4534
754 1 39.8627408974951 36.4336351243488 73.49379 63.64594 781.9158
755 1 39.5424401641813 36.7934024916169 72.72504 60.00502 976.5866
756 1 43.264677580564 36.1867028935205 72.97838 58.88312 943.8307
757 1 39.0203861279596 40.1382502392512 74.08014 67.63876 737.8031
758 1 40.1114905679049 39.9521446344941 74.16449 50.06374 928.9543
759 1 34.56562485846 36.2416519189946 71.35875 52.18511 860.8315
760 1 34.075358879811 35.2712445558029 71.5474 56.51065 1086.446
761 1 36.4154217975343 37.1290817915392 72.292 56.87395 747.1499
762 1 35.9434335487321 35.4418024714165 72.46799 51.88051 720.7748
763 1 39.8928963355322 35.4179529398806 72.35109 61.31509 983.5353
764 1 32.5097431759218 35.5275738591416 71.67188 70.96222 1130.44
765 1 43.99337 46.0249 90.80837 58.69366 2185.267
766 1 35.1964362073148 34.3237864478018 71.51914 49.68701 1095.668
767 1 44.2117427264626 34.6265131716238 71.95453 51.55773 1283.351
768 1 42.0074219671291 34.4518647296338 71.65519 57.17926 1256.48
769 1 37.033788242173 34.737562781011 71.54374 45.07583 1078.099
770 1 38.4359845167595 35.0477851693165 70.46944 51.83976 1222.031
771 1 37.074047344156 35.5058585452042 69.86641 53.46837 1376.93
772 1 39.8063757266613 36.761365845635 70.6917 55.40675 1299.433
773 1 39.5336208406931 35.9799196639728 70.15905 45.04001 1227.596
774 1 41.8353857085225 34.2576869147628 70.3182 43.90751 1321.189
775 1 38.334126018147 36.6909925147441 71.24217 50.00843 1150.176
776 1 41.0748481227038 35.1967689546176 69.69158 50.67636 1188.019
777 1 47.3963333096972 35.2015999652857 72.28022 61.63685 1220.823
778 1 41.3234398957586 34.5512823775065 71.2405 43.51687 1292.982
779 1 49.5915283189459 34.4034335484029 69.03397 45.80866 1314.763
780 1 42.2858056930634 34.0898464381911 69.28037 51.79737 1367.647
781 1 41.0391192430153 35.2320918704466 71.86061 50.64111 1404.623
782 1 40.078779588663 34.6541151530748 -99 -99 1162.186
783 1 42.2655149425578 34.5431640265991 72.04173 66.07805 1320.268
784 1 38.7464047856916 34.4054596071714 -99 -99 1179.76
785 1 37.2668551529811 33.8598944690712 -99 -99 1033.878
786 1 50.4952530037578 34.3340897190023 71.4038 -99 1211.345
787 1 48.2814637917782 34.2731976669078 -99 -99 1105.122
788 1 44.0875440423668 35.5753296954096 -99 -99 1085.24
789 1 44.2331405100862 34.5113508731325 70.57579 -99 1418.447
790 1 37.5815483485519 34.9639474101138 -99 -99 1164.224
791 1 46.1756555004749 35.516111891906 -99 -99 1267.518
792 1 36.1018088035131 35.2482023230198 72.68447 -99 1052.222
793 1 39.9095611119217 35.1753440308236 -99 -99 1279.155
794 1 45.5716313920649 34.560356706978 71.95337 50.01209 1132.993
795 1 49.7449572808102 36.2627633201286 72.54479 -99 1376.974
796 1 38.1436208931565 34.3485484872998 -99 -99 1129.943
797 1 41.726554714456 34.7450827618491 -99 -99 1124.891
798 1 44.7849525128132 34.2781854294129 -99 -99 1422.563
799 1 46.9923311205261 34.4194096049862 -99 -99 1177.773
800 1 45.2756771118437 34.7923683171157 70.21309 -99 1368.059
801 1 44.6599171831061 34.1914462237885 -99 -99 1220.692
802 1 38.7044758477968 34.8414444446574 -99 -99 1105.483
803 1 41.8731908718174 34.4933707365443 -99 -99 1295.856
804 1 40.9547856096657 33.4961176406568 -99 -99 1090.361
805 1 42.9528537326028 34.6660035457002 -99 -99 1171.829
806 1 43.0300018362435 34.8380943522281 69.49116 -99 1264.436
807 1 40.0314889996392 35.4580235186935 -99 -99 1225.915
808 1 48.6243229051357 33.5527440544802 -99 -99 1288.467
809 1 42.5771447438818 34.01428860244 70.86991 43.33066 1302.435
810 1 50.5497883186668 34.0961817054048 70.73537 -99 1345.188
811 1 49.2063495680716 34.4269770101687 -99 -99 1170.161
812 1 48.1927021604872 35.3193551616753 -99 -99 1182.342
813 1 45.3617304043046 34.2005042641243 -99 -99 1249.235
814 1 41.7895494742078 35.0730231454203 71.12576 47.45684 1412.626
815 1 39.0831902695041 33.3849580749565 -99 -99 1230.618
816 1 42.1588659842739 34.123532993186 70.43067 48.90728 1237.42
817 1 44.5214069165693 34.4527539195977 70.4607 -99 1207.557
818 1 42.4565354004131 35.5330858933287 -99 -99 1081.167
819 1 47.8101171239951 35.0106755238222 -99 -99 1305.83
820 1 42.5859388941768 34.4441154330023 71.90297 -99 1331.948
821 1 43.2673827696702 33.8817133522089 -99 -99 1231.315
822 1 41.2129410485757 34.4069059715278 -99 -99 1220.795
823 1 44.501349465444 33.5106849947317 -99 -99 1271.08
824 1 38.8732268980736 35.0776884447708 71.07758 56.98558 1383.191
825 1 42.588706256418 34.0973013033325 71.0442 -99 1290.243
826 1 35.1880182616848 33.9615268360253 -99 -99 1203.603
827 1 45.0625790979108 35.5847535703303 70.92732 47.75854 1302.346
828 1 50.0185107010139 34.1731511697966 -99 -99 1188.246
829 1 40.2693165004193 34.0202853541241 -99 -99 1215.687
830 1 40.996434347539 34.8715723692924 68.62375 46.8372 1278.901
831 1 43.135944581136 33.5028325488533 -99 -99 1239.234
832 1 50.9667599288698 35.263226509812 71.03069 -99 1355.65
833 1 45.6595526411266 33.6936855996154 -99 -99 1273.157
834 1 48.6090047639181 35.0229411521509 -99 -99 1355.943
835 1 47.7113400676707 34.281539562471 -99 -99 1346.731
836 1 48.1936801137259 34.6433513625726 69.99891 -99 1364.271
837 1 46.92425311669 33.8115301927304 -99 -99 1182.661
838 1 36.5510178231394 36.7471186258038 -99 -99 1173.474
839 1 36.5479813778319 36.2208531719606 -99 -99 1242.188
840 1 42.1724112953432 34.035055044988 -99 -99 1197.502
841 1 40.2506561654762 34.1443007604224 -99 -99 1170.288
842 1 41.178820942573 34.5115062219925 -99 -99 1101.41
843 1 44.0217914575291 34.120807736117 71.28111 -99 1604.952
844 1 37.8067183568222 34.9705953539915 71.84609 -99 1337.804
845 1 38.8203019321571 34.593252255616 -99 -99 1129.818
846 1 40.2010833365655 -99 -99 -99 1156.475
847 1 41.4738346925612 37.508446881401 -99 -99 1193.236
848 1 39.558212681162 34.1150634668739 -99 -99 1247.223
849 1 47.2132571235482 35.4454113062762 -99 -99 1438.948
850 1 42.2722418932042 34.9697464547905 -99 -99 1377.743
851 1 40.3354841106134 33.9118512463997 71.01588 57.23714 1245.887
852 1 38.3236051366877 34.5198546071773 -99 -99 1140.491
853 1 46.1311509932709 34.5126471193523 71.65622 -99 1535.082
854 1 44.9420719525063 34.5586140095095 71.23866 -99 1534.733
855 1 34.0784312846122 33.9361786068868 -99 -99 1125.512
856 1 40.4125789695688 33.6559674595707 69.68725 47.0527 1339.518
857 1 38.6737703947596 34.6587525690433 -99 -99 1153.629
858 1 39.4078364817557 34.3554301916064 -99 -99 1245.684
859 1 44.2568108472176 34.6919507227097 72.4213 53.2396 1321.999
860 1 46.5274470843426 34.4834685066375 -99 -99 1374.626
861 1 43.2264541606819 35.0580131588331 72.31404 52.79142 1299.676
862 1 43.2957808482326 34.5109773214436 -99 -99 1448.79
863 1 46.0154955731889 34.6428989138359 71.5583 -99 1519.737
864 1 43.5436983312596 34.8355107590838 72.45408 -99 1403.811
865 1 47.8722532607588 35.6116655315393 71.92814 42.64543 1373.26
866 1 44.109325402516 34.3730170217044 -99 -99 1239.517
867 1 41.4610436363692 34.4370263305069 -99 -99 1247.279
868 1 43.3898729137146 35.4078064784255 -99 -99 1327.026
869 1 42.5019194080983 35.4458704937446 -99 -99 1157.775
870 1 46.1297944231775 35.3498358415612 -99 -99 1178.379
871 1 48.7249977147201 34.4040600503148 -99 -99 1149.551
872 1 40.0502772371802 38.0596283982199 -99 -99 1161.419
873 1 44.0433098633484 34.6440110067961 -99 -99 1207.302
874 1 43.9938401140843 36.7515713274627 -99 -99 1050.821
875 1 41.0156732596668 38.456572103874 -99 -99 1204.394
876 1 33.8198844034941 36.0018238507473 70.51088 -99 1002.01
877 1 40.8969387060529 35.2261991275819 71.97981 51.00839 947.6064
878 1 43.9486781151412 34.4000708546144 73.54392 -99 1081.154
879 1 41.0392625626434 36.5928843262206 72.89445 -99 989.3105
880 1 35.7977989280785 37.1736250014147 74.1246 57.41544 863.5588
881 1 36.7386114879291 35.6745857906082 72.43967 -99 1023.001
882 1 37.4651338452555 36.300358941223 72.91526 70.53799 933.5446
883 1 40.5701274613456 37.56848706763 73.28253 66.68391 943.7639
884 1 37.7879715556937 36.1968822775469 73.20966 54.17472 936.2247
885 1 39.318238588443 34.9441778726806 70.38063 -99 1052.857
886 1 41.4874358570625 36.052035608945 73.05704 68.24497 1046.097
887 1 43.7507854153129 34.4275468193579 73.1443 -99 1418.671
888 1 37.6243081321318 36.0052069569459 71.76559 56.73447 1139.745
889 1 40.7817827282684 36.2958190131787 71.75886 58.29503 1062.324
890 1 39.3969363810867 35.3387819236273 72.4207 -99 1048.063
891 1 40.1623900613311 37.0455097801268 73.62806 36.20236 1262.947
892 1 39.1511112494751 35.2992625512048 -99 -99 1125.284
893 1 49.9650797867593 35.8155009485865 -99 -99 1146.945
894 1 42.6074955364183 36.0308853398516 73.17966 -99 1265.607
895 1 50.509627040298 35.4302801355445 -99 -99 1023.8
896 1 40.8186620562432 36.1562701944036 70.26063 -99 1161.963
897 1 47.514528055263 35.443181479815 -99 -99 1149.069
898 1 35.412220396234 35.9591599436774 -99 -99 1006.46
899 1 41.4616609189249 36.102355715482 -99 -99 1140.247
900 1 43.2312807595201 36.3291322605041 -99 -99 1229.064
901 1 41.8437599219546 35.0264359691803 71.65957 -99 1372.307
902 1 35.5167181243882 37.0772579014367 71.91562 -99 918.0819
903 1 37.7333114716002 35.3211193053847 -99 -99 1306.564
904 1 43.1530643949884 35.6302362035249 71.4622 45.72618 1186.332
905 1 33.1314656089901 35.40399512481 -99 -99 1215.867
906 1 41.0257315600904 35.4166490773279 -99 -99 1359.941
907 1 42.5610925369838 34.8050138380523 71.4056 47.88561 1288.605
908 1 37.2867036180023 35.2350965686439 -99 -99 1263.864
909 1 45.2919729320376 35.0131253812764 -99 -99 1223.194
910 1 42.2336554189429 33.8228085223064 70.83899 56.03978 1287.863
911 1 35.3003080001616 33.7459884895963 -99 -99 1090.057
912 1 33.5691617136761 34.6722268271125 -99 -99 1180.482
913 1 44.8500928893092 35.2142331406201 72.91507 45.8447 1076.9
914 1 42.7461999226712 35.1327485961922 -99 -99 1090.601
915 1 39.2257657698032 35.8040254130374 72.25478 45.24865 1219.031
916 1 40.7645124246724 35.4093238652221 72.19595 43.93191 1249.363
917 1 42.3531940764249 -99 -99 45.21519 1180.546
918 1 44.4048211130045 34.908438105309 72.42624 46.67759 1147.909
919 1 44.3111601757049 35.0164066291868 70.28142 -99 1061.028
920 1 48.975450644838 35.816933283493 70.94159 60.06245 1204.4
921 1 38.8720648180832 36.2833103855658 70.53831 45.09903 1042.584
922 1 37.9027828648513 34.4779736809036 70.42619 55.47771 1170.763
923 1 37.0977106286458 36.8874937271747 71.80102 -99 1249.329
924 1 27.0617420859512 37.4378624640311 -99 -99 1222.513
925 1 45.8178929853403 34.8244701917314 72.07472 -99 1461.691
926 1 41.5406859253503 35.0853402924383 72.7548 -99 1629.707
927 1 37.4807294762517 35.8605731137092 71.12139 -99 1333.149
928 1 19.9704152916322 40.5204112734224 -99 -99 1095.218
929 1 46.7791916284717 35.1280487964503 71.94816 -99 1774.768
930 1 39.3555427039773 37.7829025265905 70.36982 -99 1356.282
931 1 36.0583458734443 34.7533646379496 -99 -99 1149.551
932 1 46.675565937791 36.3823581806197 72.42289 -99 1809.74
933 1 42.5913671317888 37.0834152637116 -99 -99 1154.813
934 1 39.9855316170885 33.7961188489172 70.266 -99 980.263
935 1 46.1103690769406 34.9264929323144 -99 -99 1071.621
936 1 45.0724186266836 36.5960885314163 72.79459 -99 1549.212
937 1 42.0576591150773 36.99355 72.61271 -99 1316.5
938 1 45.1741231526514 37.23246 72.70975 -99 1586.424
939 1 29.76813182244 40.10868 -99 -99 1099.303
940 1 46.2033537432533 36.29389 72.26319 -99 1590.882
941 1 46.4019942054014 35.79139 70.21612 -99 1556.633
942 1 50.0757496767569 34.59012 71.50479 -99 1546.77
943 1 48.0374085013118 34.77 70.218 -99 1805.182
944 1 46.7347371707908 34.31587 -99 -99 1150.087
945 1 48.1478836151483 37.03363 72.20253 -99 1781.097
946 1 45.6514558209378 35.44707 71.74851 -99 1603.217
947 1 48.2732829311352 34.86538 71.17906 -99 1291.721
948 1 11.0227169485955 -99 -99 -99 1160.887
949 1 42.2936207166643 36.14372 71.9724 -99 1400.273
950 1 45.4029788299073 34.75726 -99 -99 1230.337
951 1 30.2029353511837 39.50516 -99 -99 1678.984
952 1 45.1125344222954 35.53454 70.49601 -99 1506.381
953 1 52.1735904425814 35.92946 -99 -99 695.6951
954 1 47.9274662394135 36.66869 70.55979 -99 1601.598
955 1 54.7774485595777 34.17071 -99 -99 1104.03
956 1 44.7576649106325 35.63444 71.56964 -99 1590.812
957 1 48.314668420048 34.68359 71.53677 -99 1468.436
958 1 52.0380806334525 36.67393 -99 -99 1166.817
959 1 61.0486884935207 40.84274 -99 -99 1376.355
960 1 35.1782286037195 42.85242 -99 -99 1262.357
961 1 46.8626262078709 35.62003 70.89082 -99 1569.145
962 1 44.0931278955739 35.52179 71.27061 -99 1557.625
963 1 -99 39.29932 73.9245 -99 1656.657
964 1 27.4079789798129 38.16078 73.02386 69.25589 1449.841
965 1 26.7528200825244 37.78492 73.58985 70.62001 1442.043
966 1 44.6577569910406 36.95196 72.90908 51.0385 1179.592
967 1 39.2509218429523 35.36028 72.12961 52.43317 1273.226
968 1 39.3810782124393 36.59539 73.50919 72.95896 1174.075
969 1 41.0746449459578 36.23577 72.4896 59.37014 1180.689
970 1 42.0057335075629 36.85243 73.7643 67.8333 1162.178
971 1 35.6410116331653 36.00404 73.23402 54.74595 1321.874
972 1 32.9847579438042 35.52473 71.4977 47.99532 1062.246
973 1 34.5058501966283 40.32247 71.77413 -99 738.8834
974 1 35.500894218941 36.0238 71.60207 41.4149 1334.514
975 1 36.2908543187488 36.27494 71.89421 -99 1321.103
976 1 36.8307706874395 37.13408 73.68446 -99 785.8446
977 1 39.1895633412213 35.75537 71.59924 53.52574 1204.852
978 1 33.5123874662143 35.75507 72.34665 48.39546 1210.04
979 1 -99 38.03245 74.68062 -99 1193.659
980 1 -99 36.44035 73.57756 -99 684.5197
981 1 29.6570916552941 35.50671 71.21445 61.62805 1244.73
982 1 43.0807577354955 35.36105 72.2391 -99 1326.255
983 1 41.7251008969263 34.97238 71.32369 54.17286 1274.14
984 1 40.1832142165945 35.06496 72.10998 55.02737 1281.145
985 1 41.1576441560079 35.10774 72.76681 50.81609 1250.263
986 1 39.6577666952897 35.41859 73.0156 52.94383 1336.029
987 1 41.8334518283535 35.39901 72.79617 57.79705 1145.909
988 1 43.0938352163354 34.66469 70.62687 51.84073 1219.565
989 1 37.7969244325897 35.25807 71.72982 55.33858 1175.407
990 1 41.6031720093332 34.5152 71.75757 56.34593 1196.497
991 1 41.5547144228625 34.99523 70.6516 47.75411 1357.833
992 1 43.4185012719424 34.55775 71.68581 54.83332 1433.032
993 1 45.1697703677256 35.2936 71.14068 54.49616 1380.523
994 1 40.8509279474106 34.77956 71.13548 54.7937 1358.162
995 1 38.6534336619749 34.48891 70.33674 59.66786 1185.781
996 1 34.6399918575154 34.51627 71.43532 60.35771 924.3776
997 1 39.8053435447139 35.39659 71.49467 66.40937 1361.403
998 1 38.8583010203453 34.34552 71.71293 52.02102 1401.06
999 1 43.6342991860888 34.75359 71.13242 53.0406 1287.241
1000 1 37.2008019239666 36.22582 70.91081 60.6582 1086.704
1001 1 38.4797410021442 35.65136 70.85764 45.40429 1452.912
1002 1 38.3456066754884 35.84275 71.75701 54.65174 1274.033
1003 1 45.5038886719007 35.94768 70.53938 49.73709 1285.876
1004 1 41.5948447564341 34.85416 70.27538 44.76356 1355.143
1005 1 39.8704543110814 34.60947 69.68969 43.65682 1472.725
1006 1 40.4614888564889 34.65746 70.34122 47.32733 1404.01
1007 1 44.3628345091933 35.37909 70.40728 43.36635 1412.231
1008 1 39.18555801161 34.09541 70.21153 49.71227 1264.001
1009 1 41.5466809667572 34.0678 70.03136 61.10164 1292.463
1010 1 38.6030058490756 35.36176 71.26411 49.47363 1128.642
1011 1 43.9068057142791 34.82941 71.55187 49.37326 1332.89
1012 1 39.7348085746996 34.46096 70.61615 54.62961 1359.565
1013 1 39.7132544113564 34.25865 70.22194 60.30061 1318.629
1014 1 39.9279692533092 33.62536 71.19007 52.69842 1312.546
1015 1 37.0656749640967 33.8554 69.68532 50.56348 1362.354
1016 1 42.6029371873565 35.94421 71.46383 64.85259 1329.424
1017 1 41.290332429438 36.24587 73.26478 54.59875 1224.234
1018 1 42.6173406109874 35.8545 72.32572 63.81986 1013.611
1019 1 42.1109051001335 38.17056 72.98379 66.70627 1226.347
1020 1 39.4958308556812 36.14566 71.77199 52.49373 997.2243
1021 1 38.453059173093 37.49425 71.09107 46.42492 1295.718
1022 1 40.4759221127843 37.33708 71.26131 56.70623 1072.953
1023 1 33.5903626354552 37.09417 71.99834 50.84931 918.3351
1024 1 46.7641040827156 35.66256 72.0368 52.49581 1223.255
1025 1 49.2136442789931 34.69855 72.07195 55.2924 1362.786
1026 1 35.1049691125427 35.9685 70.82751 49.27081 895.385
1027 1 43.6072810463394 36.55217 71.3199 43.34371 1157.438
1028 1 42.2288812826729 38.06862 72.8632 58.04196 1111.992
1029 1 39.4308298873753 36.77561 72.96843 43.99031 1059.779
1030 1 39.3743376972731 33.98099 71.56772 65.14475 1015.687
1031 1 37.1161980617751 36.71878 72.93185 69.5985 971.2542
1032 1 38.6400735992039 35.3351 74.2812 68.70697 951.7122
1033 1 36.6451568656305 35.84186 72.97454 54.48506 1063.143
1034 1 38.9711451476423 34.2801 71.09589 51.17777 1291.333
1035 1 33.086164616934 36.22001 72.24154 32.24987 1169.924
1036 1 37.5295195332501 34.25666 69.92245 55.43824 1126.52
1037 1 -99 35.68318 68.81168 -99 836.2728
1038 1 40.4240888589081 34.99612 69.98714 50.57113 1386.111
1039 1 37.1236226433401 35.83294 71.98232 45.35385 1109.244
1040 1 40.5031304233848 35.04643 70.60165 46.73415 1384.525
1041 1 40.8579161017989 35.26149 71.83716 48.09276 1283.713
1042 1 40.9974693738897 35.28449 70.94779 43.41476 1337.577
1043 1 41.4969239891087 34.79645 71.0099 46.79622 1384.92
1044 1 42.3240303920992 35.00096 70.59665 46.03625 1403.663
1045 1 44.9193959414423 36.87618 72.79077 -99 1143.394
1046 1 42.4136725281938 35.45417 71.93608 75.07248 1013.502
1047 1 35.31276404468 37.39888 73.03943 46.28114 954.7665
1048 1 42.2764701101064 35.1728 72.69827 56.67856 1279.076
1049 1 40.993883253009 36.53608 71.03106 56.60081 1198.793
1050 1 33.3036905888153 36.69664 72.97543 49.96974 974.2651
1051 1 41.1065989770801 37.12898 73.13677 51.93615 1019.286
1052 1 35.1824722468195 35.52429 73.56887 57.0179 915.9677
1053 1 36.7434978402938 39.7038 73.55095 70.63844 962.1189
1054 1 -99 36.60479 73.06424 -99 871.1084
1055 1 39.4885854437064 36.24012 73.9157 77.64241 840.754
1056 1 39.5276842032117 34.57207 70.03633 42.80189 1316.888
1057 1 39.3487245010286 34.50749 71.08364 47.63583 1307.198
1058 1 38.2000212174203 40.07624 75.05114 69.8232 1284.818
1059 1 36.8930691700964 34.73762 69.35251 61.89448 1153.006
1060 1 -99 34.38084 67.03686 -99 1062.387
1061 1 37.3781430465393 34.77934 70.33526 54.50928 1144.379
1062 1 40.8985615939929 35.31689 70.63153 45.93922 1382.291
1063 1 41.1702843163512 35.28156 70.99959 40.53718 1355.4
1064 1 -99 36.0869 70.4246 -99 1522.522
1065 1 40.2323418364314 35.63659 69.40862 38.7377 1320.76
1066 1 40.8501068239277 35.33226 71.35595 41.45663 1287.467
1067 1 -99 34.90047 70.27456 -99 1228.444
1068 1 -99 35.34169 70.49957 -99 1145.212
1069 1 41.9017067798181 35.51052 70.69002 44.11502 1478.262
1070 1 40.5162925422995 35.11525 70.99668 52.07045 1316.433
1071 1 40.3272941525256 35.44152 69.9751 51.5856 1335.066
1072 1 32.3432837239572 -99 -99 -99 790.3143
1073 1 34.7486887228405 34.47423 69.99841 47.88304 972.8538
1074 1 -99 34.38272 73.3279 -99 1524.13
1075 1 -99 34.94828 71.05283 -99 1667.44
1076 1 -99 39.15784 74.59663 -99 1497.882
1077 1 -99 35.51937 71.64913 -99 1413.978
1078 1 -99 36.01986 72.19729 -99 1517.879
1079 1 -99 35.36647 71.68647 -99 1530.693
1080 1 -99 35.59636 70.44376 -99 1429.536
1081 1 -99 35.27811 73.3947 -99 1488.173
1082 1 -99 37.56444 70.87982 -99 1035.065
1083 1 -99 35.6017 71.71119 -99 1331.932
1084 1 -99 35.75735 71.67801 -99 1228.531
1085 1 -99 36.14922 74.80087 -99 1132.398
1086 1 -99 34.8707 71.64412 -99 1114.889
1087 1 -99 35.37154 71.9978 -99 1345.97
1088 1 -99 34.56301 71.91172 -99 974.7993
1089 1 -99 35.73104 74.44885 -99 1247.977
1090 1 -99 34.98487 72.97052 -99 1074.526
1091 1 -99 34.23158 67.54716 -99 1257.084
1092 1 -99 36.14051 73.24667 -99 1104.832
1093 1 -99 34.83085 71.06394 -99 1256.825
1094 1 -99 35.75945 71.14603 -99 1215.041
1095 1 -99 34.59193 68.64196 -99 1027.931
1096 1 -99 36.9154 70.35733 -99 1080.489
1097 1 -99 34.27352 66.77185 -99 871.3648
1098 1 -99 35.87651 72.81616 -99 961.7129
1099 1 -99 36.51803 70.35197 -99 1136.287
1100 1 -99 35.44236 70.26334 -99 1127.251
1101 1 -99 35.83235 71.79812 -99 1070.729
1102 1 -99 36.37716 73.54428 -99 954.3191
1103 1 -99 35.8553 74.6197 -99 1020.02
1104 1 -99 35.46909 71.28928 -99 1006.641
1105 1 -99 37.97888 72.77049 -99 1037.008
1106 1 -99 34.67272 67.53953 -99 898.3938
1107 1 -99 36.8075 74.28175 -99 876.3856
1108 1 -99 36.67005 72.12557 -99 886.8896
1109 1 -99 36.44298 69.95878 -99 1066.538
1110 1 -99 35.78555 71.97279 -99 1028.159
1111 1 -99 38.83304 71.47817 -99 618.6953
1112 1 -99 35.31269 70.25423 -99 873.2865
1113 1 -99 39.24857 76.20244 -99 963.2674
1114 1 -99 38.54556 74.59704 -99 921.5063
1115 1 -99 35.42739 70.24679 -99 907.5759
1116 1 -99 35.39161 73.79304 -99 728.7037
1117 1 -99 38.27566 74.1281 -99 697.1685
1118 1 -99 39.37695 73.3707 -99 821.6695
1119 1 -99 36.14198 72.8562 -99 765.7822
1120 1 -99 38.4187 75.12711 -99 763.5256
1121 1 -99 36.00369 74.11666 -99 682.5007
1122 1 -99 36.03991 72.03074 -99 653.0088
1123 1 -99 36.97118 74.17213 -99 564.5206
1124 1 -99 37.52966 72.63847 -99 708.6688
1125 1 -99 34.00078 69.90785 -99 530.4891
1126 1 -99 40.0026 76.18049 -99 693.8793
1127 1 38.1975874809836 34.40278 70.29982 47.5364 1412.002
1128 1 35.1821847139482 34.96169 71.57398 52.85995 1013.601
1129 1 40.9777181599023 34.89184 70.7083 59.0889 1228.475
1130 1 39.9434537020471 34.51261 70.93724 43.90311 1388.424
1131 1 36.7349232979218 34.62093 69.65482 48.41411 1302.572
1132 1 34.939616723783 35.61073 71.61478 54.20437 1126.818
1133 1 39.4970229690368 34.06067 69.85677 55.02749 1374.166
1134 1 -99 35.35126 72.17954 -99 698.4298
1135 1 -99 34.56164 71.65527 -99 1329.462
1136 1 36.8908916673642 34.3764 70.94761 52.09279 1237.017
1137 1 41.199702674942 35.79318 71.82 50.3898 1387.498
1138 1 -99 34.93316 68.09682 -99 955.2996
1139 1 39.9466715924607 35.07303 72.15117 51.34484 1206.342
1140 1 32.2805332818354 34.78647 68.82782 47.46857 1012.465
1141 1 39.3584372138589 35.15944 72.41154 48.96649 1208.421
1142 1 39.0289242626655 33.96529 69.97269 60.28211 1261.499
1143 1 40.4281409831097 34.65788 71.05089 -99 1060.163
1144 1 42.0768080165397 35.01493 71.4616 -99 1187.278
1145 1 -99 33.21576 67.56816 -99 869.5726
1146 1 36.3261820323442 34.5015 70.83583 48.47909 1196.856
1147 1 35.8769416394076 34.73391 70.39935 51.25119 1105.083
1148 1 36.0189903007611 34.95449 70.87365 42.69048 1168.54
1149 1 -99 33.47217 68.94136 -99 1095.237
1150 1 37.0804969690791 34.58643 71.66391 54.40923 1212.82
1151 1 32.5596167724111 35.97861 71.75413 37.95527 1078.279
1152 1 39.811798891208 33.87492 69.60131 49.24959 1215.271
1153 1 37.2854072701361 34.87151 71.624 57.60923 1156.271
1154 1 33.36483550764 35.30715 70.72601 46.1722 1104.604
1155 1 34.8809667658274 34.25106 69.63469 47.68471 1129.716
1156 1 41.0973246512567 33.178 69.5822 49.00899 1296.496
1157 1 43.1854061877468 33.71269 70.65854 41.09323 1310.747
1158 1 -99 33.58696 67.50976 -99 1071.165
1159 1 41.4315373061754 33.33688 69.26037 56.78528 1116.519
1160 1 39.848547086341 34.255 71.29252 46.5623 1171.686
1161 1 33.175001372097 35.09681 70.2113 47.6514 1167.135
1162 1 -99 33.89899 67.85105 -99 951.2301
1163 1 34.8882287717253 34.58096 69.77353 45.39768 977.0893
1164 1 38.9640719146356 34.09686 68.65829 50.27457 1177.21
1165 1 34.5583721768306 35.12451 69.93245 49.26478 953.1129
1166 1 39.7454733632905 33.84355 70.95393 -99 1306.642
1167 1 36.7165629866061 33.89368 71.37209 54.19476 1319.323
1168 1 39.3753964621026 33.94545 70.15199 53.04553 1235.68
1169 1 39.081375991923 38.28173 73.30843 -99 661.1221
1170 1 34.8669988765026 36.53308 72.9112 68.98734 691.6663
1171 1 40.2158313504465 35.71297 71.3726 38.36999 1190.169
1172 1 43.517193031695 34.54352 70.48514 44.15726 1214.695
1173 1 40.8690856898155 35.81347 71.37256 46.1686 1064.408
1174 1 41.9274105345929 36.08689 72.96654 47.41973 1016.548
1175 1 43.986378225264 36.76256 72.32738 51.46195 1091.138
1176 1 38.4965557313602 33.94832 70.40132 53.24792 1073.718
1177 1 40.7537360215016 34.78326 70.63754 46.52595 1092.544
1178 1 37.1909226456996 35.18897 72.50246 49.80395 982.8899
1179 1 37.9083011074749 36.47482 72.40353 51.19296 1229.624
1180 1 40.0453446682593 35.35266 72.788 59.34247 1094.08
1181 1 37.7851394257106 36.34373 71.31801 51.58986 1169.674
1182 1 37.8948787997999 36.63926 74.62526 48.65982 1242.922
1183 1 44.3563659236343 35.49994 72.39523 51.83143 1133.755
1184 1 39.024916398971 35.20761 72.06123 49.98075 1174.773
1185 1 43.1904663977642 35.52529 73.49106 53.77149 1119.328
1186 1 43.8450312293929 34.94714 71.77607 60.37739 1221.371
1187 1 38.7486286146619 35.60404 71.23672 43.5067 1156.744
1188 1 45.0359255574105 35.64982 73.32502 60.06211 1102.296
1189 1 39.5159353996874 35.32767 71.36946 63.53771 1032.066
1190 1 38.7564116925067 35.89308 73.30051 48.83098 1035.577
1191 1 42.102707885408 35.52831 72.55859 49.11477 949.4636
1192 1 43.5404576246108 35.32733 72.59614 51.94064 1260.644
1193 1 39.4960196341469 36.1387 70.90834 51.46417 1059.826
1194 1 42.8320742146669 35.32161 71.44305 45.92417 1092.256
1195 1 42.1300184121868 34.82285 72.61313 51.49096 1059.864
1196 1 42.7523265226131 35.06467 72.31679 65.93693 1176.495
1197 1 37.8439316335983 34.97133 72.4959 52.51358 1103.095
1198 1 40.7112624306401 34.72881 71.18386 47.60823 1226.489
1199 1 34.7897027815391 35.37409 70.53448 59.79467 1106.013
1200 1 37.4144056775637 34.24577 70.57823 59.9679 984.8152
1201 1 42.2541558084702 34.67839 70.46257 55.20254 833.8718
1202 1 39.092656091575 34.32134 70.90606 47.00498 1150.908
1203 1 43.9034960831939 37.43516 -99 -99 953.8065
1204 1 39.9833840667115 35.14909 -99 -99 1101.832
1205 1 42.3869705980091 35.00654 -99 -99 1133.413
1206 1 45.0745843458815 35.81775 72.00816 84.52872 991.4605
1207 1 43.6499437238436 34.98193 -99 -99 1101.83
1208 1 33.0331522382442 35.28205 -99 -99 1078.08
1209 1 42.90812539705 35.60544 -99 -99 1136.832
1210 1 32.844373610001 36.12934 -99 -99 1029.768
1211 1 40.3472061664058 34.99347 -99 -99 1076.647
1212 1 46.7744652958167 35.39033 72.19895 -99 1114.118
1213 1 45.0546450157114 36.2116 -99 -99 1197.276
1214 1 9.23090221516388 -99 -99 -99 877.8659
1215 1 41.9396747313439 35.55443 -99 -99 950.0859
1216 1 43.7743010839881 34.8637 70.80209 63.5173 1065.454
1217 1 38.5977117169295 35.66174 -99 -99 904.1193
1218 1 40.0787406638824 36.42221 -99 -99 1169.406
1219 1 38.1517345788188 35.20713 -99 -99 1151.159
1220 1 40.9995174896815 37.07764 -99 -99 1183.258
1221 1 32.1029875523527 35.94094 -99 -99 1128.441
1222 1 35.9459832985649 35.0162 -99 -99 1172.253
1223 1 40.9759578805218 34.82228 72.97097 -99 951.9324
1224 1 37.0557817477771 35.55426 -99 -99 1096.872
1225 1 48.9369053275652 36.11775 72.36213 -99 1318.219
1226 1 34.164911302993 33.88834 -99 -99 1110.453
1227 1 41.8138582400297 35.23978 72.7662 -99 1050.666
1228 1 34.2543303890193 35.0706 -99 -99 902.1287
1229 1 40.1210220031237 35.1005 -99 -99 1029.512
1230 1 36.5997744075645 35.35275 -99 -99 1248.362
1231 1 27.3243466931128 36.77915 -99 -99 1029.933
1232 1 43.6038996134061 36.39896 -99 -99 993.7656
1233 1 29.7145980363358 34.9442 -99 -99 1079.563
1234 1 35.4447660757284 36.80873 -99 -99 1169.194
1235 1 25.8513940541259 35.1826 -99 -99 942.4119
1236 1 34.4889588703226 35.18287 -99 -99 1266.746
1237 1 35.3208171383996 35.45855 -99 -99 1096.62
1238 1 43.0069920649805 34.74641 -99 -99 1180.904
1239 1 38.2725487923223 34.54237 -99 -99 1214.608
1240 1 42.2801309183815 34.08666 -99 -99 1157.45
1241 1 43.151088239168 35.22767 71.41148 52.09396 1208.894
1242 1 44.7702163190995 35.16661 71.21867 46.1641 1256.109
1243 1 40.3299834841342 34.9627 -99 -99 1147.873
1244 1 39.26247971386 35.87545 70.51939 51.6457 1041.485
1245 1 28.1075799565271 39.06809 72.71317 -99 1601.976
1246 1 15.6302854786014 42.81045 74.83355 -99 1249.461
1247 1 45.9587620383551 35.45562 72.06741 39.68859 1326.596
1248 1 26.35538 38.05455 -99 -99 1867.01
1249 1 22.92091 39.9175 -99 -99 2072.223
1250 1 38.16829 44.63506 89.99874 52.6376 2142.344
1251 1 31.0297 45.31527 89.85093 69.71367 2062.655
1252 1 26.6339 46.18972 99.54906 57.7066 1264.282
1253 1 51.78017 45.83326 90.4099 66.82828 1997.239
1254 1 42.71247 47.58437 91.09258 70.67891 1801.95
1255 1 43.94932 46.83621 93.23564 70.16166 1853.853
1256 1 45.72357 43.23694 87.44469 65.7795 1819.644
1257 1 42.97967 44.95391 90.75503 78.57798 2009.961
1258 1 35.50476 46.49788 91.11305 78.12877 1755.116
1259 1 42.27425 45.82301 88.71716 57.92176 2249.109
1260 1 32.31721 44.72697 87.2604 66.38918 1625.566
1261 1 33.69383 48.48958 93.34674 72.46449 2187.809
1262 1 40.95408 47.25664 90.72413 63.63099 1939.614
1263 1 42.34311 48.80251 92.38686 64.78881 1934.968
1264 1 34.61155 50.83958 97.02917 66.48273 2274.613
1265 1 37.93423 52.98875 97.50641 66.81552 1440.785
1266 1 43.45951 46.56239 92.31652 66.44493 1937.057
1267 1 41.25239 49.94439 93.80206 71.30238 1968.747
1268 1 35.91721 46.57457 92.3398 72.75671 1929.867
1269 1 38.40116 51.20501 94.17257 63.49121 3019.9
1270 1 45.39592 45.86102 87.35977 58.10724 2066.387
1271 1 46.31577 45.63527 87.72547 53.56566 2231.812
1272 1 38.41367 46.58278 89.97768 54.53228 2126.056
1273 1 36.14797 45.21381 85.17067 60.05538 1826.972
1274 1 41.06193 48.95681 91.70604 52.62756 2043.752
1275 1 41.62422 45.32682 86.75038 60.13839 2168.654
1276 1 39.59859 45.71822 88.87232 63.68147 1971.082
1277 1 37.79329 48.28841 94.75078 67.15665 1980.013
1278 1 35.5596 47.28733 91.74064 68.38965 2514.538
1279 1 41.20606 46.06692 88.99573 63.97787 1871.889
1280 1 41.44902 47.42881 91.93223 55.49592 2090.982
1281 1 33.17516 48.73732 92.64818 66.3799 2053.702
1282 1 40.05572 46.54807 90.89987 74.52503 2063.186
1283 1 29.89004 47.93019 94.08938 68.13665 2053.465
1284 1 43.72302 48.85325 94.67841 61.7659 1860.897
1285 1 27.39361 44.81715 90.99016 64.37216 2337.521
1286 1 35.19639 47.02679 96.23367 61.71407 1346.32
1287 1 30.4276 46.42006 98.20445 64.35879 2202.39
1288 1 23.2426 45.21239 92.28577 69.85586 1586.017
1289 1 26.47244 45.10848 87.8263 62.70118 3084.608
1290 1 32.7083 50.34128 92.93027 79.68821 1682.737
1291 1 35.7999 47.05457 95.52736 69.80906 967.8737
1292 1 34.33023 46.82452 96.3324 70.23419 809.2706
1293 1 44.82166 48.01119 91.32669 63.88806 1778.199
1294 1 29.63149 45.69977 94.85503 57.89443 2382.885
1295 1 29.46592 51.84345 93.58304 67.94386 2261.126
1296 1 23.88218 49.19904 91.70418 67.55448 2287.952
1297 1 18.82268 47.14012 90.52868 69.89031 1927.184
1298 1 33.13111 47.29281 92.01675 90.17978 1769.637
1299 1 38.60002 45.43778 88.05309 54.45909 2273.747
1300 1 34.32146 45.13759 89.84058 70.5391 2021.584
1301 1 30.75952 49.64345 94.78373 68.16726 2292.504
1302 1 17.79547 46.20108 89.02508 73.08545 2276.034
1303 1 34.81829 48.64146 90.89548 69.43235 1913.207
1304 1 50.14671 46.00365 88.75046 54.717 1956.752
1305 1 46.70333 45.98089 93.21019 64.95324 1877.607
1306 1 37.32494 43.90052 90.15111 79.80998 1920.971
1307 1 47.64579 49.51657 96.46077 64.66395 1879.33
1308 1 35.61313 48.11036 94.00019 64.79337 1884.493
1309 1 40.75444 50.04131 93.04061 70.86238 1952.008
1310 1 42.27699 48.24425 94.63738 63.61699 1881.852
1311 1 36.09318 50.41657 93.64305 65.03186 1785.184
1312 1 43.8123 48.61383 91.62038 76.78251 1790.18
1313 1 42.23107 44.92136 88.79202 61.19249 2002.108
1314 1 30.44279 48.38178 92.9429 62.18161 1858.364
1315 1 46.71654 47.34572 89.38429 71.16954 1947.537
1316 1 48.53661 46.57043 91.31813 58.55395 1869.237
1317 1 36.29126 44.96698 87.11602 75.64149 847.9999
1318 1 44.07025 46.39765 93.52414 64.81098 1261.474
1319 1 49.50273 43.60599 91.12725 57.65009 1867.858
1320 1 36.49854 45.64719 94.29296 67.93865 2175.227
1321 1 42.7368 47.53962 93.4232 74.10947 1540.088
1322 1 29.01517 50.02578 97.86566 58.79519 1805.888
1323 1 31.71263 44.80887 93.26921 58.93954 2531.11
1324 1 44.76387 47.64134 90.80933 60.00008 2002.189
1325 1 43.68602 46.80838 91.49626 64.57405 1639.872
1326 1 33.65495 60.86876 101.7298 58.59275 2413.328
1327 1 44.40528 49.35217 95.53545 64.46034 1885.864
1328 1 44.22642 49.19999 92.03237 55.93383 1902.059
1329 1 39.40252 57.37963 99.6948 60.1637 2164.483
1330 1 27.68655 60.8296 101.2158 69.98246 601.849
1331 1 35.5099 46.87942 90.64278 65.3274 2392.342
1332 1 36.41153 46.93477 90.00542 63.80773 2047.449
1333 1 40.92163 48.47448 92.60598 58.35188 1956.732
1334 1 39.34499 56.80243 99.04795 62.52437 1398.322
1335 1 40.8106 56.324 98.37674 58.10837 2198.473
1336 1 39.71133 57.92798 99.13437 58.69452 2831.462
1337 1 39.4111 50.028 93.51383 59.28984 1956.097
1338 1 41.54059 56.40719 98.59972 58.69552 3155.705
1339 1 40.24211 57.27444 97.69924 61.85441 2715.181
1340 1 46.86179 47.42337 92.69914 55.31726 2025.76
1341 1 41.27942 54.60822 98.04352 59.06368 1518.535
1342 1 34.43662 44.94956 86.30984 58.65473 668.925
1343 1 43.89685 45.83661 88.80372 69.25764 2167.425
1344 1 51.82942 43.78293 88.93533 55.32534 2141.778
1345 1 41.53408 46.20463 89.77913 69.29899 2090.999
1346 1 41.18589 48.31679 96.29319 64.68498 1841.219
1347 1 37.81518 43.22059 84.93633 56.89821 1120.287
1348 1 42.70129 45.84192 88.52125 62.21225 2233.955
1349 1 36.09589 44.84919 91.13915 71.54979 2084.709
1350 1 25.72166 40.10905 -99 -99 1733.397
1351 1 30.4768432304979 34.00943 67.89734 -99 818.9608
1352 1 35.48095 42.23527 82.08771 65.87843 2221.929
1353 1 20.02623 40.52928 -99 -99 1470.196
1354 1 26.95619 45.94399 86.42649 74.43513 2139.779
1355 1 20.82656 33.40284 -99 -99 1188.884
1356 1 26.06326 32.30717 -99 -99 1602.808
1357 1 27.42924 38.88973 -99 -99 1333.91
1358 1 27.9637683687325 37.22392 78.10418 -99 521.8197
1359 1 38.15045 51.67042 101.5017 67.11887 1461.429
1360 1 27.92928 37.91177 -99 -99 1936.837
1361 1 24.77828 44.80143 85.84822 53.72413 2420.521
1362 1 12.26778 32.44398 -99 -99 1486.919
1363 1 35.8936978091383 -99 -99 -99 976.9458
1364 1 37.9618539126243 36.46579 70.82055 57.64097 1238.579
1365 1 23.45646 35.12488 -99 -99 1446.614
1366 1 18.65556 37.2452 -99 -99 1137.873
1367 1 26.07459 38.1128 -99 -99 1823.365
1368 1 23.25865 37.79717 -99 -99 1386.885
1369 1 26.96462 40.58371 -99 -99 1200.568
1370 1 34.53973 33.68151 -99 -99 1371.807
1371 1 41.93612 55.7973 97.32319 72.81013 2560.295
1372 1 55.51028 34.51553 -99 -99 1631.31
1373 1 22.84852 40.55683 80.02459 49.8835 726.6828
1374 1 40.2343102566907 35.60475 71.19414 54.12271 1020.382
1375 1 22.7956 39.80019 -99 59.48203 2057.468
1376 1 22.76141 39.19476 -99 -99 1616.126
1377 1 18.36082 33.92026 -99 26.04562 1942.248
1378 1 42.404 45.60962 91.56126 50.54308 2912.479
1379 1 18.2591980002992 41.49569 75.73636 -99 1759.164
1380 1 34.8439590892561 33.9905 70.41481 -99 1158.397
1381 1 33.1473765972366 34.15372 70.47396 -99 936.5374
1382 1 36.820045157083 37.44034 72.3847 46.83585 880.5823
1383 1 41.0227913486137 35.00754 71.42668 53.75518 980.1562
1384 1 32.7843556725508 37.28555 73.09884 62.89767 693.7676
1385 1 39.4290828919082 38.29976 73.83264 59.26219 878.5515
1386 1 47.7197619033986 36.19314 72.21037 62.3456 1156.843
1387 1 -99 39.27224 73.02361 -99 260.6792
1388 1 35.9980153751345 36.97264 72.82856 62.98206 837.7688
1389 1 37.255218899967 35.86626 73.66802 69.38355 822.6773
1390 1 42.9032694362762 34.80526 73.36219 54.17166 1035.518
1391 1 -99 35.49093 74.30925 -99 706.1965
1392 1 38.9988470329286 35.95837 72.64598 -99 1039.067
1393 1 -99 36.33693 72.88083 -99 1131.928
1394 1 38.4751408512939 37.26715 72.92527 60.55911 1159.397
1395 1 43.6608741363117 36.82655 70.88804 51.45331 1302.667
1396 1 37.5628140902412 34.15201 68.94157 39.26243 1171.082
1397 1 41.3561151870363 35.56384 71.64518 54.83421 925.1126
1398 1 -99 38.7513 74.23955 -99 480.8164
1399 1 44.4826618196984 36.60045 72.66374 63.20435 1107.335
1400 1 38.5450763873657 35.40288 71.81722 52.59954 1113.835
1401 1 34.6541401806368 36.99285 72.81086 52.6226 923.1943
1402 1 40.7469273358312 35.33604 73.01099 45.85843 1183.207
1403 1 36.4465835012706 36.27737 73.69088 58.76399 899.2844
1404 1 -99 36.50502 73.86376 -99 628.7116
1405 1 40.7786301675044 39.57842 75.09273 53.79255 939.3003
1406 1 44.7174133357846 35.50982 72.71985 60.09855 1303.185
1407 1 42.9838760152457 36.50398 73.96007 42.69399 1200.547
1408 1 -99 36.27588 72.46055 -99 1012.104
1409 1 44.4152331898945 35.62765 70.99938 78.09055 1201.713
1410 1 34.942755840498 35.25898 72.30148 61.90214 970.1266
1411 1 35.7716465869589 35.54927 71.63651 53.61639 1194.821
1412 1 44.1441381094405 35.87102 72.72573 61.42986 899.8044
1413 1 45.0295004946301 36.64488 72.64922 53.27411 1122.152
1414 1 42.172041175124 36.15558 72.01045 -99 1148.104
1415 1 40.3325928893572 36.83536 70.95119 60.58495 871.1722
1416 1 41.3036418802563 36.34425 72.10457 69.63644 1174.125
1417 1 45.8136526088735 36.16934 72.75216 75.05994 970.1783
1418 1 36.0758980373287 38.21869 71.0579 55.98317 847.3326
1419 1 41.36311 49.45972 89.58769 67.85737 1896.353
1420 1 41.92328 44.60044 85.74726 78.02633 2240.216
1421 1 36.37684 46.53078 92.73564 67.08596 1854.25
1422 1 36.39674 47.05486 91.64164 61.14086 1895.158
1423 1 41.67498 48.21257 87.7074 55.68728 2144.456
1424 1 24.94698 38.33345 -99 -99 1846.971
1425 1 21.25771 39.10284 -99 -99 1686.194
1426 1 39.94261 45.42798 85.0853 74.95248 2181.063
1427 1 44.80428 43.76315 84.47323 64.20832 2486.879
1428 1 43.57174 45.00447 85.80803 65.21298 2073.615
1429 1 47.20341 41.09541 89.54699 49.86985 2203.403
1430 1 41.37953 45.20631 85.25654 61.94352 2103.177
1431 1 52.85951 46.55413 86.90632 68.78841 2617.282
1432 1 44.67088 45.75356 85.83526 64.24755 2376.088
1433 1 40.80538 43.32858 83.09821 58.75173 2119.187
1434 1 50.05524 45.90686 84.97486 71.2683 2319.378
1435 1 49.20467 44.79133 85.64621 61.9018 2244.133
1436 1 46.5656 44.93981 87.35038 57.14612 2176.109
1437 1 43.69857 45.88173 87.33902 42.62249 3436.574
1438 1 38.91647 47.39505 87.57304 61.12052 1778.933
1439 1 43.28367 45.72587 85.83022 60.94436 2078.793
1440 1 36.50588 45.71573 85.79933 56.55853 2406.224
1441 1 40.12617 46.37895 86.85332 57.61634 1988.902
1442 1 51.99455 45.2205 85.4055 63.53614 1905.552
1443 1 48.03315 46.67166 87.44737 60.26737 2177.602
1444 1 48.00533 44.6709 85.97715 65.3708 2234.812
1445 1 51.45723 45.23473 90.24355 66.52526 2183.207
1446 1 45.0459 47.14381 92.99684 52.02906 1990.699
1447 1 46.22379 44.03351 84.68484 65.94003 2104.966
1448 1 49.30856 44.33601 84.95702 70.81485 2201.025
1449 1 42.27498 45.39822 85.68911 58.56084 2242.177
1450 1 50.86045 46.0212 86.80296 70.78568 2089.443
1451 1 50.069 47.0143 89.01027 67.36145 2038.452
1452 1 39.50516 47.28065 89.36446 62.40108 2147.758
1453 1 39.50795 45.81251 86.6879 54.42865 2327.767
1454 1 40.47997 44.02356 86.35918 76.74633 1884.931
1455 1 50.45231 46.0417 84.96719 74.20871 2103.414
1456 1 35.86187 44.43227 87.40503 63.25493 2037.716
1457 1 33.67852 46.73908 86.5232 60.08176 2566.323
1458 1 29.63668 45.39706 84.31595 52.22164 2865.066
1459 1 28.65891 39.56847 -99 -99 1792.785
1460 1 44.34217 45.58086 87.45447 56.53481 2047.728
1461 1 47.89573 46.37587 88.76431 56.60828 2152.902
1462 1 42.16138 46.15222 90.06455 47.84062 2360.248
1463 1 36.82035 41.30181 87.17821 65.8569 2105.504
1464 1 34.11236 48.3422 91.68277 50.72213 1842.579
1465 1 49.85165 45.93381 89.24435 59.24444 2155.972
1466 1 53.1816 46.88783 89.12895 65.03856 2280.25
1467 1 38.1686878138147 34.97476 73.48083 43.33341 1069.426
1468 1 40.1300673457321 36.65447 72.36227 70.39146 947.104
1469 1 32.08330407808 35.56997 73.02457 63.03855 855.7376
1470 1 41.00459 47.06151 88.21463 62.86121 2352.708
1471 1 53.29129 43.98898 84.99373 63.33418 2311.655
1472 1 46.34903 43.12642 83.63841 64.72395 2498.586
1473 1 45.97149 47.43515 89.67333 61.4143 2056.734
1474 1 51.64257 44.69483 86.01462 59.65517 2394.207
1475 1 43.51994 44.42366 85.7589 49.6668 2387.544
1476 1 43.88733 46.33412 85.9544 52.84982 2292.199
1477 1 40.56575 46.24258 86.91431 68.84924 2434.443
1478 1 41.26006 47.00103 89.85913 59.76092 2009.684
1479 1 37.09204 46.72134 89.75341 55.14529 2197.216
1480 1 44.32118 44.44695 88.76052 64.16535 1761.035
1481 1 43.6551 45.79446 87.63611 46.77657 2203.754
1482 1 48.00502 45.24042 85.79647 60.98779 2275.686
1483 1 47.09713 45.06533 86.07838 58.32546 2254.309
1484 1 44.40254 44.05288 84.80856 61.28078 2117.01
1485 1 41.23717 45.10487 86.77538 72.42111 2115.188
1486 1 35.12129 41.08022 84.90301 88.23455 1975.683
1487 1 40.19891 44.04774 84.58813 50.55666 1818.656
1488 1 37.94304 50.90811 90.71448 67.53472 1839.432
1489 1 43.13141 45.27384 87.47036 85.71733 1822.559
1490 1 41.21314 46.56914 87.40214 84.62078 1936.877
1491 1 48.37235 43.46163 83.65604 86.97863 2274.242
1492 1 23.604 37.76131 -99 -99 2213.505
1493 1 18.4048723378496 38.4923 74.62945 -99 1023.539
1494 1 13.65391 36.62987 -99 74.16721 1650.374
1495 1 24.67881 39.01111 -99 43.00295 1760.603
1496 1 27.96686 39.94835 -99 -99 1823.004
1497 1 28.33248 37.48786 -99 -99 1323.591
1498 1 27.16453 38.94179 -99 -99 1148.464
1499 1 27.21278 37.57525 -99 69.2651 1289.708
1500 1 26.60758 39.37092 -99 -99 1363.656
1501 1 33.75221 45.03962 86.49271 58.46915 2268.795
1502 1 33.712 46.55726 87.529 81.05806 2188.317
1503 1 42.05487 46.55807 88.40269 67.43458 1982.281
1504 1 36.45001 42.12941 82.02957 66.13102 2304.43
1505 1 33.11455 47.2292 89.08947 74.60785 2037.818
1506 1 48.24451 45.15628 86.08944 71.43661 1825.886
1507 1 47.50859 47.1106 88.07591 84.06395 1951.619
1508 1 43.03972 47.3369 88.16004 77.30579 2044.948
1509 1 42.79295 46.0983 85.29679 71.67803 2027.721
1510 1 38.73753 51.15629 94.28168 91.08905 1758.052
1511 1 37.30567 48.59407 87.6543 76.35219 2232.977
1512 1 36.41321 47.89884 86.70177 85.21754 2021.13
1513 1 40.79212 43.23469 86.97401 83.23508 1882.123
1514 1 40.37745 43.92581 85.17087 61.75499 1903.786
1515 1 44.85773 45.09022 84.94337 65.24935 2136.774
1516 1 49.52995 43.44542 82.56651 63.71933 2425.286
1517 1 53.16802 45.10403 86.16536 69.26315 2129.752
1518 1 39.3064 43.4269 84.95072 81.47844 2030.044
1519 1 47.73301 45.53518 85.28044 75.23306 2513.636
1520 1 51.25407 47.01365 90.26896 67.01131 1909.878
1521 1 53.14867 47.35298 87.58018 71.08903 2055.111
1522 1 48.89829 43.51497 85.56376 75.56648 2278.843
1523 1 57.21925 45.61614 86.19792 80.24068 2276.94
1524 1 39.95819 42.52733 84.73987 67.01335 2156.003
1525 1 43.75536 47.44499 87.25441 68.68258 1946.348
1526 1 41.09983 44.52122 86.3441 76.10155 2000.748
1527 1 29.12596 44.59928 87.14662 83.56956 2246.798
1528 1 34.87685 48.25152 90.89463 67.3675 1960.931
1529 1 38.15038 45.05416 87.61511 79.35482 2008.122
1530 1 37.40805 46.43277 90.43897 90.60768 1838.068
1531 1 43.48836 46.87576 85.8113 83.51103 1968.136
1532 1 33.88032 47.51297 90.74772 95.22682 2010.658
1533 1 38.5403 46.62197 88.99722 85.61781 1844.264
1534 1 39.72656 48.98356 89.67145 85.57344 2115.412
1535 1 44.41325 47.29308 86.39441 75.954 1809.661
1536 1 42.78743 46.3288 88.15053 96.76665 1922.614
1537 1 40.42868 44.87461 86.83851 74.03102 2085.173
1538 1 39.08536 44.05913 84.36665 63.53499 1906.179
1539 1 42.65379 46.35433 86.04919 73.59855 1959.151
1540 1 32.3694 46.61783 87.88234 87.9428 2054.584
1541 1 39.3446 49.31641 91.33491 70.37895 1907.951
1542 1 41.03578 50.74724 90.52574 76.2288 1995.736
1543 1 44.17023 47.23718 89.57845 78.76884 1803.128
1544 1 38.97941 52.08145 91.20279 72.25992 2038.21
1545 1 33.96547 48.39636 90.75351 54.99377 2213.251
1546 1 35.86731 45.75204 88.04315 81.05468 2276.769
1547 1 36.4552 48.6168 93.94972 72.88404 2067.048
1548 1 37.91129 46.86067 85.10234 71.01872 1829.655
1549 1 49.81699 46.6229 92.63251 72.27026 1789.817
1550 1 47.94925 50.46095 94.76584 56.93076 1986.064
1551 1 33.55557 36.27778 -99 -99 2299.129
1552 1 31.65223 35.57082 -99 -99 2363.356
1553 1 43.59163 45.85094 84.87603 82.62712 1897.441
1554 1 38.8806 43.67589 86.39717 99.05664 1793.184
1555 1 38.65914 49.72124 89.83171 66.20331 1878.093
1556 1 39.04174 43.56077 84.88526 71.67472 1966.504
1557 1 43.09667 43.67815 86.68351 77.20898 2027.791
1558 1 42.81758 47.48066 89.46298 89.08304 1963.518
1559 1 43.62153 45.51109 89.37422 81.6718 2026.766
1560 1 36.96369 44.6215 83.52777 70.92562 1993.208
1561 1 47.12358 46.11092 86.90327 70.09532 2063.482
1562 1 35.48564 44.9961 86.4496 84.35149 1862.832
1563 1 39.16528 46.49074 87.86579 89.25123 1872.647
1564 1 45.29238 46.33385 90.32673 69.91912 2205.446
1565 1 44.02058 42.98358 86.58871 76.69856 2119.66
1566 1 38.2465 44.23465 86.35724 98.73156 1859.948
1567 1 41.02313 44.15809 86.84052 72.48288 2309.854
1568 1 40.66603 46.54373 87.49073 63.55045 2161.827
1569 1 46.57389 42.00586 85.27735 68.4903 2127.322
1570 1 35.06866 47.16079 87.17299 58.19812 2319.894
1571 1 44.14239 44.23218 87.61257 84.34968 2049.394
1572 1 46.10494 47.94638 90.01799 72.91727 2118.239
1573 1 43.37825 44.7073 86.9517 71.89659 2314.993
1574 1 38.94289 46.59544 86.4744 82.48487 2134.809
1575 1 44.70439 47.01909 86.79452 82.66918 2014.654
1576 1 43.03027 47.85962 90.53518 64.33509 2365.727
1577 1 40.55511 46.45728 85.89501 86.54921 2094.595
1578 1 39.94874 45.55117 87.12801 64.85379 2180.646
1579 1 44.89594 47.85375 90.8116 70.0823 2167.175
1580 1 39.543 46.7916 88.73676 70.375 2368.287
1581 1 30.0228425155114 35.82256 72.35937 -99 993.5786
1582 1 42.8189473437509 35.89276 72.90449 59.40083 978.6764
1583 1 46.2304472936392 34.76591 -99 -99 1146.136
1584 1 34.9450799391951 35.1583 -99 -99 1252.136
1585 1 40.521716100887 35.0947 -99 -99 1290.744
1586 1 42.2514772565503 34.59349 -99 -99 1223.967
1587 1 44.3619682250478 34.79466 -99 -99 1213.174
1588 1 37.9692747610661 34.20178 71.27392 62.15489 1064.056
1589 1 35.265403214225 35.35854 -99 -99 899.2156
1590 1 37.5636015479623 34.58449 -99 -99 1132.938
1591 1 44.9321062274817 35.82258 -99 -99 1122.739
1592 1 38.4986615085655 34.74555 71.10032 62.25754 1141.317
1593 1 32.3997169354775 37.81556 -99 -99 974.0416
1594 1 42.6273005825919 36.08205 72.37078 53.5064 1072.019
1595 1 37.4046749483573 41.67932 74.78476 87.84953 878.7331
1596 1 35.8746612226194 38.46413 75.88557 98.15455 718.6324
1597 1 37.2765664873503 41.26474 75.68919 -99 194.9216
1598 1 34.5007167097816 38.05406 73.03187 67.21433 850.037
1599 1 42.1439429776414 41.18362 74.44741 -99 477.9656
1600 1 40.5981198763168 35.23665 71.18555 53.44962 989.4331
1601 1 45.9785612345815 42.48178 75.39603 64.97291 926.6175
1602 1 38.8382087350422 36.2065 74.85306 87.69557 866.7876
1603 1 40.4919526843924 36.33569 70.98566 56.17553 907.8383
1604 1 33.9557840325981 40.1543 84.18798 -99 231.5148
1605 1 38.3980802722353 35.23523 71.53978 71.8772 860.0569
1606 1 44.6232960976197 35.58462 73.04255 59.81249 1050.342
1607 1 36.4291756724703 41.95089 75.88308 -99 646.8428
1608 1 32.0590358434775 40.60424 74.68969 -99 388.7492
1609 1 32.3508297185504 36.83363 75.09004 -99 506.637
1610 1 20.2094636205215 38.70241 73.70824 -99 637.9738
1611 1 41.5799779322733 39.52893 72.37245 -99 1083.464
1612 1 41.83279 43.41244 84.71785 68.79303 2018.211
1613 1 38.71635 45.29317 86.93273 69.35984 2411.655
1614 1 39.62303 45.43035 86.68946 82.85995 1851.646
1615 1 39.10067 45.5137 86.88357 76.98801 1957.455
1616 1 36.79355 45.59818 87.50113 62.5021 2079.95
1617 1 43.31358 45.40868 87.56613 67.58585 2206.26
1618 1 43.35293 44.13593 85.39211 61.99103 2137.162
1619 1 45.82534 45.4916 87.38186 73.93783 2106.072
1620 1 45.69259 45.13653 86.46417 58.11439 2352.714
1621 1 42.99752 45.59348 86.11532 71.20545 2193.463
1622 1 42.91985 40.82545 82.42014 63.45458 2234.596
1623 1 40.64555 44.56038 85.21317 71.65322 2177.989
1624 1 41.29025 46.1735 85.46842 54.01492 2108.307
1625 1 40.92592 45.03247 85.39693 74.64737 1856.441
1626 1 42.66145 44.85831 85.7074 54.41411 2146.027
1627 1 36.78992 45.24058 85.03502 81.50394 2401.394
1628 1 45.89198 48.29553 89.77928 72.38434 1871.137
1629 1 49.28982 44.34498 86.01365 67.4281 2508.908
1630 1 40.70567 48.40971 84.41373 82.3848 1783.766
1631 1 42.31589 46.13121 86.4805 64.59128 1948.338
1632 1 30.76395 46.94584 87.85851 63.79715 1839.629
1633 1 35.77307 44.79428 86.21157 70.83397 2038.038
1634 1 46.86686 47.72232 88.10951 82.90715 1848.999
1635 1 45.39446 46.94822 86.23356 91.19909 1917.378
1636 1 38.22105 44.40072 84.21063 67.33612 1818.262
1637 1 37.91121 47.69698 87.24374 75.90207 2318.45
1638 1 36.11292 36.43186 68.09557 -99 759.9653
1639 1 40.27824 50.89893 93.20336 55.12201 1965.879
1640 1 43.51228 46.97384 89.61693 52.34105 2294.122
1641 1 20.74257 38.78125 -99 -99 1924.122
1642 1 36.5956572204759 38.14802 73.14785 43.42075 977.9118
1643 1 35.6140760232858 38.14951 72.72942 56.39471 1204.265
1644 1 37.9267601704149 37.84115 72.05055 56.41668 1214.011
1645 1 35.9629684117916 37.32609 73.99412 67.36766 1198.192
1646 1 20.95588 40.19156 -99 38.74936 1981.608
1647 1 32.45668 34.91737 -99 -99 1818.627
1648 1 24.2217 38.12103 -99 -99 2026.745
1649 1 46.4513 47.76386 92.75832 70.58505 2015.984
1650 1 31.74144 37.059 -99 32.33386 2406.867
1651 1 33.40662 35.29263 -99 47.17208 2003.329
1652 1 31.76047 35.79245 -99 -99 2210.354
1653 1 38.4404194484209 36.88237 71.59836 46.47694 838.8985
1654 1 21.0715267442344 38.56655 76.92648 -99 491.5391
1655 1 36.8199259841177 39.32025 73.87008 -99 818.5128
1656 1 32.3972626351633 42.01231 75.00169 57.30083 806.3813
1657 1 41.3857716345583 35.71139 72.7237 54.04626 1217.074
1658 1 42.298419556969 35.74246 73.0723 53.65133 1162.382
1659 1 40.6244496556733 35.26571 72.00602 64.20125 1280.682
1660 1 40.9630686292629 34.64079 71.70018 65.52113 1257.478
1661 1 33.0866247616116 35.73625 71.01307 71.21983 1086.353
1662 1 41.9776185836595 35.28546 71.34512 52.30624 1213.452
1663 1 40.9768090912818 36.14304 71.88423 60.14348 1211.282
1664 1 38.6404348500395 35.08838 73.71596 54.81798 966.0052
1665 1 41.635582393877 35.38543 72.16099 -99 1257.687
1666 1 35.8779110687354 33.11021 68.82124 -99 1064.057
1667 1 38.994510598994 35.63536 71.59043 55.93449 1200.105
1668 1 32.0595521731153 35.40987 71.04857 53.29819 1058.819
1669 1 36.765746240415 35.38847 71.9275 50.2702 1091.836
1670 1 42.0848698631227 34.50634 68.87339 -99 1048.989
1671 1 41.3359358284061 34.76124 70.86223 62.63508 1325.299
1672 1 22.0829875733269 -99 80.2133 -99 -200.3465
1673 1 -99 36.40805 -99 -99 -99
1674 1 32.34863 37.15631 -99 -99 1591.063
1675 1 34.17063 36.6081 -99 -99 2055.589
1676 1 32.71125 35.90725 -99 -99 2241.019
1677 1 38.97544 35.65534 -99 61.25133 1940.563
1678 1 26.39817 38.72057 -99 -99 2127.516
1679 1 27.77195 34.61298 -99 -99 2214.3
1680 1 32.3363 32.85434 -99 -99 1839.706
1681 1 32.02379 34.75741 -99 -99 1750.872
1682 1 36.46931 34.51421 -99 63.47743 1715.678
1683 1 33.27947 36.06253 -99 70.03879 2042.57
1684 1 31.72085 33.89677 -99 41.26922 1445.286
1685 1 21.7724697434613 38.4984 -99 -99 1179.732
1686 1 33.34302 34.64258 -99 40.14265 1890.18
1687 1 34.69553 35.47544 -99 42.25785 2192.939
1688 1 32.73514 36.00807 -99 -99 1929.926
1689 1 29.99962 35.59852 -99 -99 2099.379
1690 1 27.16888 35.01455 -99 46.11433 1537.306
1691 1 29.70485 35.72556 -99 -99 1763.262
1692 1 28.04804 35.62673 -99 -99 2426.011
1693 1 28.1316 36.31977 -99 50.20314 2345.469
1694 1 30.07392 35.18359 -99 -99 1776.795
1695 1 29.36924 34.89272 -99 -99 2398.164
1696 1 26.02584 35.99101 -99 -99 1930.743
1697 1 29.65907 35.41414 -99 56.53634 2219.438
1698 1 34.03024 36.3047 -99 -99 2315.933
1699 1 34.84166 37.79479 -99 -99 1599.894
1700 1 36.34572 37.68985 -99 -99 2316.162
1701 1 32.25149 37.41646 -99 43.76042 2424.448
1702 1 30.83136 36.76306 -99 -99 2120.945
1703 1 28.33858 38.02449 -99 -99 2166.8
1704 1 27.76918 35.78012 -99 48.06476 1911.78
1705 1 29.25656 35.10141 -99 -99 2030.709
1706 1 22.58895 35.35597 -99 -99 1837.346
1707 1 32.29875 35.28102 -99 -99 2056.893
1708 1 28.72486 33.45373 -99 -99 2002.204
1709 1 28.41765 33.39278 -99 -99 1832.57
1710 1 26.20396 33.48062 -99 -99 1800.438
1711 1 29.74531 35.43894 -99 -99 1825.933
1712 1 31.26757 33.10639 -99 -99 1890.741
1713 1 27.60271 34.93887 -99 -99 2027.894
1714 1 32.3803 33.81181 -99 -99 2097.987
1715 1 26.39592 33.23461 -99 -99 1760.58
1716 1 29.5711 32.07028 -99 -99 1747.769
1717 1 28.99843 32.25357 -99 -99 1881.194
1718 1 31.99215 32.84091 -99 -99 1457.455
1719 1 31.42923 32.75827 -99 -99 1700.334
1720 1 33.75538 35.27105 -99 -99 2024.136
1721 1 31.49642 32.43509 -99 -99 1619.38
1722 1 31.68293 35.86964 -99 -99 1866.418
1723 1 21.79751 36.60907 -99 -99 1885.449
1724 1 25.35748 32.16416 -99 -99 1827.193
1725 1 28.15878 34.33572 -99 -99 2149.533
1726 1 20.49547 33.32206 -99 -99 1869.486
1727 1 23.9999 33.58845 -99 -99 1636.332
1728 1 40.0613 34.39983 -99 48.48794 1820.276
1729 1 34.43902 34.79925 -99 -99 1673.36
1730 1 26.29228 35.87143 -99 -99 1721.857
1731 1 27.52218 36.58043 -99 -99 1730.931
1732 1 32.60512 36.48879 -99 -99 1760.187
1733 1 28.52905 34.23838 -99 -99 1768.961
1734 1 32.07236 35.55185 -99 -99 1891.694
1735 1 27.37571 33.95447 -99 50.93127 2172.566
1736 1 24.05703 39.41499 -99 50.77101 2001.191
1737 1 25.58213 36.67405 -99 -99 1664.292
1738 1 27.20205 40.46143 -99 49.61784 1854.72
1739 1 29.1411 35.39319 -99 -99 2139.833
1740 1 27.11312 36.63177 -99 47.26248 2134.181
1741 1 29.63114 36.03273 -99 -99 1986.774
1742 1 25.7086 37.09882 -99 46.36866 2464.023
1743 1 29.41991 34.60088 66.88257 -99 1956.333
1744 1 36.5444090734615 37.92476 72.13666 58.89013 1329.863
1745 1 38.8560881990015 37.72535 72.10105 55.47541 1288.171
1746 1 44.8874988596018 35.41338 73.97576 50.74629 1329.155
1747 1 38.4388281817203 37.6173 73.1167 58.34387 1207.151
1748 1 26.09901 33.20471 64.38679 -99 2381.978
1749 1 24.87907 32.61139 63.88515 -99 2446.245
1750 1 33.45629 35.72833 -99 -99 1833.915
1751 1 25.57387 35.72603 -99 -99 1477.226
1752 1 32.32105 35.68909 -99 59.84509 1959.515
1753 1 35.653 37.84341 -99 -99 2447.426
1754 1 18.68128 39.58644 -99 52.99463 1761.001
1755 1 26.45958 39.75815 -99 65.78773 2149.735
1756 1 24.91137 40.80464 -99 74.6692 1553.794
1757 1 21.86005 38.82037 -99 78.67768 1282.405
1758 1 21.81631 37.82204 -99 87.35572 1288.468
1759 1 22.41326 35.78314 -99 -99 1532.742
1760 1 31.5502 37.42236 -99 71.58988 1682.698
1761 1 30.39922 37.63966 -99 60.57531 1663.383
1762 1 30.98449 36.05263 -99 54.01524 1499.737
1763 1 27.61044 39.7574 -99 67.93627 1452.262
1764 1 25.18713 38.74625 -99 -99 1311.032
1765 1 24.07347 39.35961 -99 -99 1685.913
1766 1 26.82691 37.79893 -99 -99 2373.393
1767 1 27.45184 38.58938 -99 49.12164 1818.056
1768 1 29.01629 35.59309 -99 -99 2269.611
1769 1 28.93936 36.03962 -99 66.27815 2186.324
1770 1 43.61792 34.76877 -99 -99 1364.487
1771 1 39.32414 37.14885 -99 -99 1753.394
1772 1 27.08705 38.96814 -99 -99 2005.491
1773 1 34.40222 39.07637 -99 -99 2101.254
1774 1 33.52764 39.09242 -99 -99 2115.086
1775 1 30.99752 35.7505 -99 48.34944 2201.022
1776 1 28.18686 35.70095 -99 -99 2379.179
1777 1 23.71651 36.42869 -99 61.74356 1867.082
1778 1 33.91848 35.68457 -99 48.61637 1713.774
1779 1 33.13643 38.39273 -99 -99 2108.557
1780 1 36.95542 35.52358 -99 63.11098 1988.285
1781 1 37.59697 36.7672 -99 -99 1730.186
1782 1 36.86934 37.24287 -99 -99 1653.527
1783 1 33.56433 35.25131 -99 62.658 1686.315
1784 1 35.12417 36.0938 -99 -99 1605.199
1785 1 27.18332 36.98294 -99 -99 2141.183
1786 1 29.71022 35.72114 -99 -99 1902.647
1787 1 26.17749 36.26716 -99 -99 1749.386
1788 1 26.14675 35.51749 -99 -99 1660.456
1789 1 31.47684 40.05598 -99 -99 1721.335
1790 1 39.43437 37.36956 -99 -99 2418.248
1791 1 41.25031 36.70887 -99 -99 1705.413
1792 1 33.90668 38.5453 -99 -99 2031.831
1793 1 35.10485 36.24226 -99 -99 2260.892
1794 1 38.50282 36.10805 -99 -99 1945.586
1795 1 22.1039 37.70516 -99 53.24894 2105.68
1796 1 31.63403 36.58895 -99 75.08901 1461.969
1797 1 32.02334 35.12137 -99 69.8297 1082.857
1798 1 27.78001 37.74977 -99 42.29938 1768.904
1799 1 36.06637 39.67599 -99 70.40202 1354.379
1800 1 36.54979 36.72406 -99 -99 1581.449
1801 1 36.01817 34.8401 -99 -99 1882.342
1802 1 29.40547 34.91895 -99 -99 1400.342
1803 1 30.91045 35.71968 -99 -99 1353.413
1804 1 30.1434 36.5708 -99 71.70266 1770.236
1805 1 32.07688 35.80112 -99 -99 2029.05
1806 1 36.65946 37.13475 -99 79.97258 1948.286
1807 1 30.5182 37.0995 -99 72.83678 1704.206
1808 1 38.78488 37.82057 -99 -99 1807.671
1809 1 25.0324 37.36107 -99 54.57075 1425.095
1810 1 33.66446 36.38238 -99 -99 1899.264
1811 1 36.49014 35.67396 -99 61.03834 2167.104
1812 1 29.75466 36.89078 -99 -99 1873.277
1813 1 28.66025 36.98981 -99 -99 1910.028
1814 1 23.72462 37.885 -99 59.13106 2060.695
1815 1 30.10289 33.07488 -99 -99 1826.729
1816 1 29.09296 33.8236 -99 -99 1320.303
1817 1 25.77493 33.69981 -99 -99 1203.119
1818 1 25.09358 34.95933 -99 -99 1672.645
1819 1 31.74745 35.39939 -99 48.22887 1942.319
1820 1 32.48288 36.32923 -99 -99 1627.757
1821 1 25.82536 36.07495 -99 72.15196 1584.406
1822 1 33.43755 36.56439 -99 69.28317 1600.364
1823 1 29.24188 36.21391 -99 -99 1513.092
1824 1 28.78471 35.37804 -99 -99 2138.729
1825 1 35.08803 36.06009 -99 -99 1901.358
1826 1 33.92523 34.95403 -99 -99 1630.125
1827 1 35.43491 37.1974 -99 61.73614 1951.539
1828 1 35.62058 35.90123 -99 -99 2181.932
1829 1 34.88071 36.83665 -99 70.30196 1986.953
1830 1 34.39398 36.61422 -99 -99 1449.553
1831 1 33.86127 35.39814 -99 -99 1978.05
1832 1 30.08636 35.51682 -99 -99 1786.424
1833 1 32.94713 37.14202 -99 -99 1460.472
1834 1 33.74209 35.93035 -99 78.89001 1287.079
1835 1 33.5575 36.48861 -99 -99 1609.089
1836 1 28.08482 34.33988 -99 -99 2563.624
1837 1 25.74954 36.10659 -99 -99 2265.992
1838 1 20.57959 37.16335 -99 -99 1842.019
1839 1 33.3110932175012 35.53493 70.46238 -99 1219.478
1840 1 38.4603777798475 -99 73.98147 -99 1221.282
1841 1 53.34794 46.19737 88.82086 63.33103 1979.918
1842 1 43.87827 45.99386 90.82266 50.04528 2002.291
1843 1 40.04756 45.26127 87.00287 56.71297 2482.901
1844 1 38.21958 48.29486 94.21889 50.88666 1793.94
1845 1 27.41193 40.04084 -99 39.93402 1559.828
1846 1 21.15115 38.43774 -99 51.64567 1450.904
1847 1 18.91752 37.61652 -99 -99 1930.04
1848 1 40.55169 44.06847 85.22763 52.34959 1822.146
1849 1 44.95433 43.70607 88.37092 56.60156 2264.535
1850 1 35.55746 43.28028 85.55906 63.55284 2446.96
1851 1 44.34327 46.26557 86.45272 54.7905 2286.931
